,Rounded RMSE,Rounded MSE,Rounded MAE,Accuracy,Log Loss
0,0.9338627909752957,0.8720997123681687,0.5010023533513467,0.6303669484877539,0.9751512195911364
1,0.9347303942648494,0.8737209099625207,0.5041924518434585,0.6264621284755513,0.9705840473322922
2,0.9282270781362577,0.8616055085853743,0.49775995816264273,0.6293733112525058,0.9719171675696637
3,0.9328729258346238,0.8702518957552514,0.49922426566721867,0.6295127691100846,0.9793760258189672
4,0.9437320462895883,0.8906301751939336,0.5049594700601412,0.6296347947354659,0.9764251347595904
5,0.9195381573005172,0.8455504227316308,0.4898631569772509,0.6356314826113484,0.9747885254007665
6,0.9334707058156034,0.8713675586158808,0.501072082280136,0.6302100583979778,0.9806692425301522
7,0.9322280148835024,0.8690490717336355,0.4991719689706267,0.6312559923298179,0.9742336748026507
8,0.9309917798582257,0.8667456941635869,0.5001045952165121,0.6292971201450387,0.9739263248459642
9,0.9291361859376093,0.8632940520186877,0.49818701624712364,0.6284952234851127,0.9781974060300661
10,0.947372218483437,0.8975141203542292,0.5083850498570532,0.6275015689282477,0.9711194116726891
AVG,0.933287481616319,0.8710753746802635,0.5003565789666827,0.6297946725417186,0.9751261982139944
,,,,,
,,Predicted 1,Predicted 2,Predicted 3,Predicted 4,Predicted 5
AVG,True 1,0.7542089935539148,0.16936617571972015,0.05292666367715451,0.006759250608877937,0.016738916440332693
,True 2,0.400362876833635,0.3733701508987383,0.18552040444486445,0.02053934602639027,0.020207221796372066
,True 3,0.13340772121746203,0.26862788360937034,0.3681335626935171,0.14529544951077278,0.08453538296887769
,True 4,0.030942266456285148,0.0631468220253267,0.19245054011409152,0.34573775134522794,0.3677226200590687
,True 5,0.01786188151912474,0.014883712745110802,0.04373733220577826,0.18680282971837067,0.7367142438116154
0,True 1,0.7394810659186536,0.17636746143057502,0.05855539971949509,0.007713884992987377,0.01788218793828892
,True 2,0.40453547915142646,0.36649597659107536,0.18361375274323335,0.019751280175566936,0.025603511338697878
,True 3,0.13817663817663817,0.28575498575498576,0.3564102564102564,0.13333333333333333,0.08632478632478632
,True 4,0.030084557187360927,0.062572318647085,0.1947485536270583,0.3401869158878505,0.3724076546506453
,True 5,0.01729121637457358,0.014791281477044869,0.046352959558344835,0.1799692716335512,0.7415952709564855
1,True 1,0.7562258856541564,0.17222027358821465,0.047702560505085936,0.006664328305857594,0.017186951946685375
,True 2,0.385233918128655,0.3793859649122807,0.1915204678362573,0.025584795321637425,0.01827485380116959
,True 3,0.1319088319088319,0.2774928774928775,0.3586894586894587,0.14615384615384616,0.08575498575498576
,True 4,0.029817534490431688,0.0682688028482421,0.1908322207387628,0.3462394303515799,0.36484201157098356
,True 5,0.017030806489414338,0.016041248925809225,0.04411343454597536,0.19072419989062786,0.7320903101481733
2,True 1,0.7450017537706068,0.17362329007365837,0.05647141353910908,0.006313574184496668,0.018589968432129077
,True 2,0.3881578947368421,0.3713450292397661,0.19517543859649122,0.021929824561403508,0.023391812865497075
,True 3,0.1282051282051282,0.2692307692307692,0.3678062678062678,0.14387464387464388,0.09088319088319088
,True 4,0.03186470850022252,0.06648865153538051,0.18193146417445483,0.3405429461504228,0.37917222963951935
,True 5,0.01705684747793026,0.015911043983229605,0.03708236764667587,0.1915575115231374,0.7383922293690268
3,True 1,0.7635917222027359,0.16134689582602596,0.05085934759733427,0.00526131182041389,0.018940722553490004
,True 2,0.3881578947368421,0.38377192982456143,0.18421052631578946,0.019736842105263157,0.02412280701754386
,True 3,0.13276353276353275,0.26809116809116806,0.36495726495726494,0.15185185185185185,0.08233618233618234
,True 4,0.030885625278148643,0.05927903871829106,0.18219848687138407,0.368758344459279,0.35887850467289717
,True 5,0.01864534777740163,0.014374625660790084,0.041353089763287415,0.19684383219187002,0.7287831046066509
4,True 1,0.7464047702560505,0.17572781480182392,0.05085934759733427,0.0073658365485794455,0.019642230796211857
,True 2,0.3925438596491228,0.3757309941520468,0.18859649122807018,0.02266081871345029,0.02046783625730994
,True 3,0.13076923076923078,0.2623931623931624,0.3717948717948718,0.15384615384615385,0.0811965811965812
,True 4,0.031330663106364044,0.06533155318202047,0.19581664441477525,0.34250111259457056,0.3650200267022697
,True 5,0.018723470742949402,0.0160152079372933,0.04453009036223015,0.18314627223249394,0.7375849587250332
5,True 1,0.7649947386881796,0.16134689582602596,0.05015783935461242,0.008418098912662224,0.015082427218519818
,True 2,0.40789473684210525,0.3742690058479532,0.179093567251462,0.021929824561403508,0.016812865497076022
,True 3,0.1319088319088319,0.2717948717948718,0.3606837606837607,0.14245014245014245,0.09316239316239316
,True 4,0.029372496662216287,0.06266132621272809,0.1859368046283934,0.34374721851357365,0.37828215398308856
,True 5,0.017134970443478035,0.013619436993828286,0.0424207702924403,0.18095882919715633,0.7458659930730971
6,True 1,0.7607856892318485,0.16520519116099613,0.053314626446860754,0.004559803577692038,0.016134689582602595
,True 2,0.39985380116959063,0.3786549707602339,0.18128654970760233,0.017543859649122806,0.02266081871345029
,True 3,0.13817663817663817,0.2737891737891738,0.36752136752136755,0.1336182336182336,0.0868945868945869
,True 4,0.030351579884290165,0.06266132621272809,0.20071206052514465,0.33635959056519804,0.36991544281263905
,True 5,0.017447462305669122,0.014504830603369705,0.04762896799562511,0.18095882919715633,0.7394599098981798
7,True 1,0.7569273938968782,0.16625745352507892,0.05471764293230445,0.007716590669940372,0.014380918975797966
,True 2,0.3815789473684211,0.36988304093567254,0.2097953216374269,0.02046783625730994,0.01827485380116959
,True 3,0.12165242165242166,0.2515669515669516,0.4008547008547009,0.1492877492877493,0.07663817663817664
,True 4,0.029995549621717847,0.06364040943480195,0.21228304405874499,0.33271028037383177,0.3613707165109034
,True 5,0.017916200098955757,0.01447878961485378,0.0473945990989818,0.18056821436941747,0.7396421968177912
8,True 1,0.7506138197123816,0.17993686425815503,0.051210101718695195,0.004910557699052964,0.013328656611715188
,True 2,0.4177029992684711,0.36137527432333577,0.18361375274323335,0.019019751280175568,0.018288222384784197
,True 3,0.12788379379094275,0.27741384221019655,0.363144403303902,0.14269438906294504,0.08886357163201367
,True 4,0.03159768580329328,0.06435246995994659,0.19483756119270138,0.3477525589675122,0.36145972407654653
,True 5,0.017552083333333333,0.014661458333333334,0.04471354166666667,0.18653645833333332,0.7365364583333334
9,True 1,0.7531556802244039,0.1640953716690042,0.056451612903225805,0.008064516129032258,0.0182328190743338
,True 2,0.4001463057790783,0.3862472567666423,0.1733723482077542,0.023408924652523776,0.016825164594001463
,True 3,0.1452991452991453,0.2535612535612536,0.3492877492877493,0.17122507122507122,0.08062678062678062
,True 4,0.03168669336893636,0.06043613707165109,0.1706275033377837,0.3781931464174455,0.35905651980418335
,True 5,0.017916666666666668,0.015182291666666667,0.036770833333333336,0.203515625,0.7266145833333333
10,True 1,0.7591164095371669,0.16690042075736325,0.051893408134642355,0.007363253856942496,0.014726507713884993
,True 2,0.4381858083394294,0.359912216532553,0.17044623262618874,0.013899049012435992,0.01755669348939283
,True 3,0.14074074074074075,0.2638176638176638,0.38831908831908835,0.12991452991452992,0.0772079772079772
,True 4,0.03337783711615487,0.05892300845571874,0.2070315976858033,0.3261237205162439,0.37454383622607923
,True 5,0.019765625,0.014140625,0.04875,0.18005208333333333,0.7372916666666667
,,Predicted 1,Predicted 2,Predicted 3,Predicted 4,Predicted 5
AVG,True 1,2150.4545454545455,482.90909090909093,150.9090909090909,19.272727272727273,47.72727272727273
,True 2,547.5454545454545,510.6363636363636,253.72727272727272,28.09090909090909,27.636363636363637
,True 3,468.27272727272725,942.9090909090909,1292.1818181818182,510.0,296.72727272727275
,True 4,347.6363636363636,709.4545454545455,2162.181818181818,3884.3636363636365,4131.363636363636
,True 5,685.9090909090909,571.5454545454545,1679.5454545454545,7173.363636363636,28290.363636363636
0,True 1,2109.0,503.0,167.0,22.0,51.0
,True 2,553.0,501.0,251.0,27.0,35.0
,True 3,485.0,1003.0,1251.0,468.0,303.0
,True 4,338.0,703.0,2188.0,3822.0,4184.0
,True 5,664.0,568.0,1780.0,6911.0,28478.0
1,True 1,2156.0,491.0,136.0,19.0,49.0
,True 2,527.0,519.0,262.0,35.0,25.0
,True 3,463.0,974.0,1259.0,513.0,301.0
,True 4,335.0,767.0,2144.0,3890.0,4099.0
,True 5,654.0,616.0,1694.0,7324.0,28113.0
2,True 1,2124.0,495.0,161.0,18.0,53.0
,True 2,531.0,508.0,267.0,30.0,32.0
,True 3,450.0,945.0,1291.0,505.0,319.0
,True 4,358.0,747.0,2044.0,3826.0,4260.0
,True 5,655.0,611.0,1424.0,7356.0,28355.0
3,True 1,2177.0,460.0,145.0,15.0,54.0
,True 2,531.0,525.0,252.0,27.0,33.0
,True 3,466.0,941.0,1281.0,533.0,289.0
,True 4,347.0,666.0,2047.0,4143.0,4032.0
,True 5,716.0,552.0,1588.0,7559.0,27986.0
4,True 1,2128.0,501.0,145.0,21.0,56.0
,True 2,537.0,514.0,258.0,31.0,28.0
,True 3,459.0,921.0,1305.0,540.0,285.0
,True 4,352.0,734.0,2200.0,3848.0,4101.0
,True 5,719.0,615.0,1710.0,7033.0,28324.0
5,True 1,2181.0,460.0,143.0,24.0,43.0
,True 2,558.0,512.0,245.0,30.0,23.0
,True 3,463.0,954.0,1266.0,500.0,327.0
,True 4,330.0,704.0,2089.0,3862.0,4250.0
,True 5,658.0,523.0,1629.0,6949.0,28642.0
6,True 1,2169.0,471.0,152.0,13.0,46.0
,True 2,547.0,518.0,248.0,24.0,31.0
,True 3,485.0,961.0,1290.0,469.0,305.0
,True 4,341.0,704.0,2255.0,3779.0,4156.0
,True 5,670.0,557.0,1829.0,6949.0,28396.0
7,True 1,2158.0,474.0,156.0,22.0,41.0
,True 2,522.0,506.0,287.0,28.0,25.0
,True 3,427.0,883.0,1407.0,524.0,269.0
,True 4,337.0,715.0,2385.0,3738.0,4060.0
,True 5,688.0,556.0,1820.0,6934.0,28403.0
8,True 1,2140.0,513.0,146.0,14.0,38.0
,True 2,571.0,494.0,251.0,26.0,25.0
,True 3,449.0,974.0,1275.0,501.0,312.0
,True 4,355.0,723.0,2189.0,3907.0,4061.0
,True 5,674.0,563.0,1717.0,7163.0,28283.0
9,True 1,2148.0,468.0,161.0,23.0,52.0
,True 2,547.0,528.0,237.0,32.0,23.0
,True 3,510.0,890.0,1226.0,601.0,283.0
,True 4,356.0,679.0,1917.0,4249.0,4034.0
,True 5,688.0,583.0,1412.0,7815.0,27902.0
10,True 1,2165.0,476.0,148.0,21.0,42.0
,True 2,599.0,492.0,233.0,19.0,24.0
,True 3,494.0,926.0,1363.0,456.0,271.0
,True 4,375.0,662.0,2326.0,3664.0,4208.0
,True 5,759.0,543.0,1872.0,6914.0,28312.0
