,Rounded RMSE,Rounded MSE,Rounded MAE,Accuracy,Log Loss
0,0.8880998512376441,0.7887213457683256,0.4946744530637148,0.6142072692408262,1.0991066506302132
1,0.8724054434353061,0.7610912577355531,0.49019436938900024,0.6120631046805544,1.1476256262993045
2,0.8684199613787184,0.7541532293210146,0.4860803625904297,0.6156541445132049,1.1385083583601288
3,0.879619023258717,0.7737296260786194,0.4954763357447921,0.6090821929748105,1.1672772730784313
4,0.8835145304772121,0.7805979255643685,0.4945698596705308,0.6108602806589384,1.164073145440198
5,0.8753876256622295,0.7663034951625556,0.49178070251895756,0.611784188965397,1.1684404677619455
6,0.8760843289412092,0.7675237514163689,0.4900026148348296,0.612516342717685,1.0803851190407598
7,0.8772376475911527,0.7695458903512595,0.48763183125599235,0.6180423603242395,1.0926844157556475
8,0.871053213402465,0.7587337005787602,0.4860539711317202,0.6159960951119169,1.1108874164914024
9,0.8745883708082185,0.764904818352974,0.49166724775120285,0.6103130883480928,1.1581167996783983
10,0.8787145843949525,0.7721393208283941,0.49123143434906913,0.6131022941217489,1.0920776761323063
AVG,0.8768295073261659,0.7688585782871086,0.49085119839093083,0.6130564874234014,1.1290166316971577
,,,,,
,,Predicted 1,Predicted 2,Predicted 3,Predicted 4,Predicted 5
AVG,True 1,0.6765401216338193,0.21362065282126305,0.08005986299078018,0.012562290385504405,0.01721707216863317
,True 2,0.3131507583438435,0.391983983367343,0.24009368508944992,0.03356690922624777,0.021204663973115826
,True 3,0.09670839514188985,0.23874007992492752,0.39986033460826964,0.18486955305525513,0.07982163726965777
,True 4,0.019678763603997246,0.050855686369705055,0.18904397782902455,0.40103572440021035,0.33938584779706277
,True 5,0.009782010786493094,0.011801391114045323,0.04539212254178987,0.23528910977943676,0.6977353657782349
0,True 1,0.673562412342216,0.2082748948106592,0.08835904628330996,0.010518934081346423,0.019284712482468443
,True 2,0.3196781272860278,0.37820043891733723,0.246525237746891,0.029261155815654718,0.026335040234089245
,True 3,0.10427350427350428,0.25071225071225073,0.39658119658119656,0.16723646723646723,0.0811965811965812
,True 4,0.02082777036048064,0.050556297285269246,0.19190031152647974,0.3912772585669782,0.34543836226079216
,True 5,0.011197625061847348,0.01127574802739512,0.04723835316788625,0.22697325590479414,0.7033150178380772
1,True 1,0.6867765696246931,0.20413889863205892,0.07611364433532095,0.012627148368993335,0.020343739038933707
,True 2,0.3121345029239766,0.37207602339181284,0.25219298245614036,0.039473684210526314,0.02412280701754386
,True 3,0.09487179487179487,0.2492877492877493,0.38945868945868944,0.18461538461538463,0.08176638176638176
,True 4,0.018602581219403648,0.053493546951490875,0.18566978193146416,0.39688473520249223,0.3453493546951491
,True 5,0.00864560818728679,0.011874690763261373,0.04520715606364418,0.2359053149657561,0.6983672300200515
2,True 1,0.6632760434935111,0.22062434233602246,0.08523325149070501,0.01403016485443704,0.01683619782532445
,True 2,0.30701754385964913,0.40131578947368424,0.23830409356725146,0.035818713450292396,0.017543859649122806
,True 3,0.09715099715099715,0.2247863247863248,0.4074074074074074,0.18376068376068377,0.0868945868945869
,True 4,0.02073876279483756,0.050734312416555405,0.1890520694259012,0.3842456608811749,0.35522919448153095
,True 5,0.00859352621025494,0.010989297153719955,0.04572797583396266,0.22819718236504258,0.7064920184370199
3,True 1,0.6927393896878288,0.2023851280252543,0.07541213609259909,0.011224131883549631,0.01823921431076815
,True 2,0.3033625730994152,0.3983918128654971,0.23830409356725146,0.03435672514619883,0.025584795321637425
,True 3,0.10227920227920229,0.23247863247863249,0.40911680911680914,0.18062678062678061,0.0754985754985755
,True 4,0.019670672007120606,0.046461949265687585,0.18193146417445483,0.4231419670672007,0.32879394748553625
,True 5,0.009244550923153043,0.012343428556548007,0.0480456238118799,0.24731126793573083,0.6830551287726883
4,True 1,0.663626797614872,0.21746755524377412,0.08488249736934408,0.013679410733076113,0.020343739038933707
,True 2,0.2916666666666667,0.39108187134502925,0.2565789473684211,0.03874269005847953,0.021929824561403508
,True 3,0.09031339031339031,0.2438746438746439,0.3837606837606838,0.20512820512820512,0.07692307692307693
,True 4,0.02064975522919448,0.05189141076991544,0.18451268357810413,0.413440142412105,0.3295060080106809
,True 5,0.010676805291528866,0.011744485820681752,0.04361865576417281,0.24067081586417022,0.6932892372594464
5,True 1,0.682918274289723,0.21325850578744301,0.07681515257804279,0.012977902490354262,0.01403016485443704
,True 2,0.31505847953216376,0.3925438596491228,0.23903508771929824,0.04093567251461988,0.012426900584795321
,True 3,0.09344729344729345,0.23276353276353276,0.40854700854700854,0.1831908831908832,0.08205128205128205
,True 4,0.017356475300400534,0.05651980418335559,0.189942145082332,0.3986648865153538,0.33751668891855807
,True 5,0.009947657613082993,0.010885133199656259,0.04726439415640218,0.2366605036327179,0.6952423113981406
6,True 1,0.687127323746054,0.2065941774815854,0.07681515257804279,0.013328656611715188,0.016134689582602595
,True 2,0.3230994152046784,0.39766081871345027,0.22441520467836257,0.03289473684210526,0.021929824561403508
,True 3,0.10512820512820513,0.2413105413105413,0.392022792022792,0.1792022792022792,0.08233618233618234
,True 4,0.02091677792612372,0.04655095683133066,0.18522474410324877,0.40667556742323097,0.34063195371606586
,True 5,0.010234108486758157,0.011952813728809146,0.04153537668289888,0.24126975860003647,0.6950079425014973
7,True 1,0.6766047001052262,0.2094002104524728,0.08558400561206594,0.012977902490354262,0.015433181339880744
,True 2,0.2997076023391813,0.38377192982456143,0.26242690058479534,0.03216374269005848,0.021929824561403508
,True 3,0.09031339031339031,0.22678062678062677,0.4219373219373219,0.18603988603988603,0.07492877492877494
,True 4,0.020115709835336004,0.050556297285269246,0.2030262572318647,0.38985313751668893,0.3364485981308411
,True 5,0.010103903544178536,0.011327830004426968,0.048800812478841694,0.22304106663888962,0.7067263873336632
8,True 1,0.663626797614872,0.23325149070501577,0.07716590669940372,0.013328656611715188,0.012627148368993335
,True 2,0.3321141185076811,0.3833211411850768,0.23482077542062912,0.03291880029261156,0.016825164594001463
,True 3,0.08886357163201367,0.2455140985474224,0.39248077470806036,0.18655653659925947,0.08658501851324409
,True 4,0.020560747663551402,0.0477080551846907,0.19457053849577213,0.3997329773030708,0.337427681352915
,True 5,0.009609375,0.011979166666666667,0.04473958333333333,0.22921875,0.704453125
9,True 1,0.6714586255259467,0.21984572230014024,0.07748948106591866,0.011921458625525946,0.019284712482468443
,True 2,0.2940746159473299,0.4337966349670812,0.2194586686174104,0.029261155815654718,0.023408924652523776
,True 3,0.1,0.24045584045584045,0.38575498575498574,0.196011396011396,0.07777777777777778
,True 4,0.01789052069425901,0.05304850912327548,0.18050734312416555,0.41219403649310193,0.33635959056519804
,True 5,0.009192708333333334,0.012916666666666667,0.04216145833333333,0.24518229166666666,0.690546875
10,True 1,0.6802244039270687,0.21458625525946703,0.0767882187938289,0.011570827489481066,0.016830294530154277
,True 2,0.3467446964155084,0.37966349670812,0.22896854425749816,0.023408924652523776,0.02121433796634967
,True 3,0.09715099715099715,0.23817663817663817,0.4113960113960114,0.1811965811965812,0.07207977207977208
,True 4,0.01913662661326213,0.05189141076991544,0.19314641744548286,0.3952825990209168,0.3405429461504228
,True 5,0.01015625,0.012526041666666666,0.044973958333333335,0.23375,0.69859375
,,Predicted 1,Predicted 2,Predicted 3,Predicted 4,Predicted 5
AVG,True 1,1929.0,609.0909090909091,228.27272727272728,35.81818181818182,49.09090909090909
,True 2,428.27272727272725,536.0909090909091,328.3636363636364,45.90909090909091,29.0
,True 3,339.45454545454544,838.0,1403.5454545454545,648.9090909090909,280.1818181818182
,True 4,221.0909090909091,571.3636363636364,2123.909090909091,4505.636363636364,3813.0
,True 5,375.6363636363636,453.1818181818182,1743.090909090909,9035.272727272728,26793.545454545456
0,True 1,1921.0,594.0,252.0,30.0,55.0
,True 2,437.0,517.0,337.0,40.0,36.0
,True 3,366.0,880.0,1392.0,587.0,285.0
,True 4,234.0,568.0,2156.0,4396.0,3881.0
,True 5,430.0,433.0,1814.0,8716.0,27008.0
1,True 1,1958.0,582.0,217.0,36.0,58.0
,True 2,427.0,509.0,345.0,54.0,33.0
,True 3,333.0,875.0,1367.0,648.0,287.0
,True 4,209.0,601.0,2086.0,4459.0,3880.0
,True 5,332.0,456.0,1736.0,9059.0,26818.0
2,True 1,1891.0,629.0,243.0,40.0,48.0
,True 2,420.0,549.0,326.0,49.0,24.0
,True 3,341.0,789.0,1430.0,645.0,305.0
,True 4,233.0,570.0,2124.0,4317.0,3991.0
,True 5,330.0,422.0,1756.0,8763.0,27130.0
3,True 1,1975.0,577.0,215.0,32.0,52.0
,True 2,415.0,545.0,326.0,47.0,35.0
,True 3,359.0,816.0,1436.0,634.0,265.0
,True 4,221.0,522.0,2044.0,4754.0,3694.0
,True 5,355.0,474.0,1845.0,9497.0,26230.0
4,True 1,1892.0,620.0,242.0,39.0,58.0
,True 2,399.0,535.0,351.0,53.0,30.0
,True 3,317.0,856.0,1347.0,720.0,270.0
,True 4,232.0,583.0,2073.0,4645.0,3702.0
,True 5,410.0,451.0,1675.0,9242.0,26623.0
5,True 1,1947.0,608.0,219.0,37.0,40.0
,True 2,431.0,537.0,327.0,56.0,17.0
,True 3,328.0,817.0,1434.0,643.0,288.0
,True 4,195.0,635.0,2134.0,4479.0,3792.0
,True 5,382.0,418.0,1815.0,9088.0,26698.0
6,True 1,1959.0,589.0,219.0,38.0,46.0
,True 2,442.0,544.0,307.0,45.0,30.0
,True 3,369.0,847.0,1376.0,629.0,289.0
,True 4,235.0,523.0,2081.0,4569.0,3827.0
,True 5,393.0,459.0,1595.0,9265.0,26689.0
7,True 1,1929.0,597.0,244.0,37.0,44.0
,True 2,410.0,525.0,359.0,44.0,30.0
,True 3,317.0,796.0,1481.0,653.0,263.0
,True 4,226.0,568.0,2281.0,4380.0,3780.0
,True 5,388.0,435.0,1874.0,8565.0,27139.0
8,True 1,1892.0,665.0,220.0,38.0,36.0
,True 2,454.0,524.0,321.0,45.0,23.0
,True 3,312.0,862.0,1378.0,655.0,304.0
,True 4,231.0,536.0,2186.0,4491.0,3791.0
,True 5,369.0,460.0,1718.0,8802.0,27051.0
9,True 1,1915.0,627.0,221.0,34.0,55.0
,True 2,402.0,593.0,300.0,40.0,32.0
,True 3,351.0,844.0,1354.0,688.0,273.0
,True 4,201.0,596.0,2028.0,4631.0,3779.0
,True 5,353.0,496.0,1619.0,9415.0,26517.0
10,True 1,1940.0,612.0,219.0,33.0,48.0
,True 2,474.0,519.0,313.0,32.0,29.0
,True 3,341.0,836.0,1444.0,636.0,253.0
,True 4,215.0,583.0,2170.0,4441.0,3826.0
,True 5,390.0,481.0,1727.0,8976.0,26826.0
