,Rounded RMSE,Rounded MSE,Rounded MAE,Accuracy,Log Loss
0,0.9641079052647509,0.9295040529939859,0.5563148261134838,0.5807548156541446,1.8579569699590914
1,0.9661940274249111,0.9335308986315698,0.562817048723089,0.5727534210755687,1.7756545896290121
2,0.9515867283072289,0.9055173014904558,0.5534908044975159,0.5766756733199686,1.9150200151370547
3,0.9715198300047153,0.9438507800923909,0.5611784188965397,0.5772509369824806,1.7506685619318665
4,0.9702360387494232,0.9413579708881722,0.5655539091780702,0.5719341061622941,1.9409191741013534
5,0.9556357990122986,0.9132397803538743,0.5514860977948226,0.5808071123507366,1.8384351896409141
6,0.9709275218920138,0.9427002527673669,0.5678026671315262,0.5715505970539527,1.8867319292383145
7,0.9658872619187295,0.9329382027368605,0.5617013858624597,0.573973677329382,1.8140056948821883
8,0.9653269997479444,0.931856216442368,0.558974269576738,0.577714245868489,1.848693194964332
9,0.9610557004721855,0.923628059410083,0.558625618855031,0.574925040094833,1.981023156050194
10,0.9703882221679808,0.9416533017223345,0.5614845547730284,0.5780628965901959,1.7495216303817138
AVG,0.9648060031783803,0.9308888015935874,0.5599481455820277,0.5760365929529132,1.850784555083276
,,,,,
,,Predicted 1,Predicted 2,Predicted 3,Predicted 4,Predicted 5
AVG,True 1,0.7254176726679179,0.1969140367971171,0.056943878401421656,0.008385463081977136,0.012338949051566312
,True 2,0.38494126768007336,0.3929787032143324,0.18173213675273503,0.02459401313018531,0.01575387922267374
,True 3,0.13540193468988684,0.29305115067006265,0.3510657923360857,0.1549817419939892,0.06549938030997558
,True 4,0.030011732815471138,0.0751547517902658,0.20039648824695558,0.3854189424282882,0.3090180847190193
,True 5,0.014287137741737314,0.018349554945696647,0.05544639636367187,0.2641190292279518,0.6477978817209423
0,True 1,0.7187938288920056,0.1949509116409537,0.06451612903225806,0.007713884992987377,0.014025245441795231
,True 2,0.3833211411850768,0.38039502560351135,0.18653986832479882,0.02852962692026335,0.02121433796634967
,True 3,0.1433048433048433,0.29544159544159543,0.34415954415954414,0.1472934472934473,0.0698005698005698
,True 4,0.030173564753004006,0.07458834000890076,0.19804183355585225,0.3855807743658211,0.3116154873164219
,True 5,0.013697559959376058,0.01960886435249082,0.053904846227962815,0.25642561391630425,0.6563631155438661
1,True 1,0.7271132935811996,0.19852683269028412,0.0526131182041389,0.010171869519466853,0.011574886004910558
,True 2,0.36330409356725146,0.40497076023391815,0.18932748538011696,0.025584795321637425,0.016812865497076022
,True 3,0.1413105413105413,0.29943019943019944,0.337037037037037,0.1564102564102564,0.06581196581196581
,True 4,0.02972852692478861,0.07823765020026702,0.19012016021361816,0.3916332888295505,0.3102803738317757
,True 5,0.014192338741178616,0.01916616754772011,0.052290304939975524,0.27254498580766123,0.6418062029634645
2,True 1,0.7190459487898982,0.2009821115398106,0.059277446509996494,0.005962820063135742,0.014731673097158891
,True 2,0.375,0.402046783625731,0.1827485380116959,0.025584795321637425,0.014619883040935672
,True 3,0.12706552706552707,0.288034188034188,0.35669515669515667,0.15954415954415954,0.06866096866096866
,True 4,0.02955051179350245,0.07485536270583,0.19670672007120604,0.3844236760124611,0.31446372941700046
,True 5,0.01236946954506393,0.018489101846306085,0.05275904273326215,0.26770136194369937,0.6486810239316685
3,True 1,0.7271132935811996,0.19396702911259206,0.057523675903191865,0.008067344791301298,0.013328656611715188
,True 2,0.3815789473684211,0.3991228070175439,0.17982456140350878,0.021198830409356724,0.01827485380116959
,True 3,0.13532763532763534,0.294017094017094,0.34957264957264955,0.15555555555555556,0.06552706552706553
,True 4,0.031330663106364044,0.06835781041388518,0.19688473520249222,0.3947485536270583,0.30867823765020025
,True 5,0.01562459310955444,0.01877555271998125,0.05518085466524309,0.26374313168927893,0.6466758678159423
4,True 1,0.7095755875131533,0.21220624342336022,0.052963872325499824,0.013328656611715188,0.011925640126271484
,True 2,0.37792397660818716,0.39108187134502925,0.1915204678362573,0.027777777777777776,0.011695906432748537
,True 3,0.13304843304843306,0.29002849002849,0.35698005698005697,0.16182336182336182,0.05811965811965812
,True 4,0.03124165554072096,0.07690253671562083,0.20035603026257232,0.39848687138406763,0.29301290609701824
,True 5,0.014504830603369705,0.018593265800369782,0.05604020728626859,0.27231061691101793,0.6385510793989739
5,True 1,0.7341283760084181,0.19537004559803578,0.05050859347597334,0.006313574184496668,0.013679410733076113
,True 2,0.3815789473684211,0.39108187134502925,0.18640350877192982,0.02850877192982456,0.012426900584795321
,True 3,0.13076923076923078,0.29743589743589743,0.358974358974359,0.14615384615384616,0.06666666666666667
,True 4,0.02946150422785937,0.07334223408989764,0.19813084112149532,0.37917222963951935,0.3198931909212283
,True 5,0.014270461706726387,0.01718705242050988,0.054061092159058355,0.25902971276789666,0.6554516809458087
6,True 1,0.7351806383725009,0.19396702911259206,0.049105576990529635,0.010873377762188706,0.010873377762188706
,True 2,0.3896198830409357,0.3896198830409357,0.179093567251462,0.02412280701754386,0.017543859649122806
,True 3,0.1339031339031339,0.3094017094017094,0.3384615384615385,0.15327635327635328,0.06495726495726496
,True 4,0.030796617712505563,0.07636849132176235,0.20418335558522474,0.3790832220738763,0.30956831330663104
,True 5,0.013567355016796437,0.018280773938178695,0.06257649540376553,0.2620765084242598,0.6434988672169996
7,True 1,0.7243072606103121,0.194317783233953,0.06103121711680112,0.009119607155384075,0.011224131883549631
,True 2,0.36915204678362573,0.40131578947368424,0.18494152046783627,0.027046783625730993,0.017543859649122806
,True 3,0.12706552706552707,0.27635327635327633,0.3766381766381766,0.15840455840455842,0.06153846153846154
,True 4,0.029194481530930128,0.07601246105919003,0.21424121050289274,0.38006230529595014,0.3004895416110369
,True 5,0.014791281477044869,0.017890159110439834,0.05536314158485456,0.26822218171401785,0.6437332361136429
8,True 1,0.7267625394598387,0.19782532444756226,0.06032970887407927,0.004910557699052964,0.010171869519466853
,True 2,0.40965618141916604,0.3811265544989027,0.17264081931236283,0.019751280175566936,0.016825164594001463
,True 3,0.13130162346909713,0.29507262888066077,0.34975790373113075,0.15494161207633153,0.06892623184277984
,True 4,0.030885625278148643,0.07699154428126391,0.20587449933244326,0.38210947930574096,0.3041388518024032
,True 5,0.014505208333333333,0.018541666666666668,0.0553125,0.259921875,0.65171875
9,True 1,0.7208976157082749,0.19424964936886396,0.06276297335203367,0.008064516129032258,0.014025245441795231
,True 2,0.38258961228968547,0.39063643013899046,0.1872713972201902,0.024140453547915143,0.015362106803218726
,True 3,0.145014245014245,0.2809116809116809,0.34045584045584043,0.1678062678062678,0.06581196581196581
,True 4,0.028126390743213173,0.07271918113039609,0.19243435692033822,0.3993769470404984,0.3073431241655541
,True 5,0.014322916666666666,0.01765625,0.05328125,0.27130208333333333,0.6434375
10,True 1,0.7366760168302945,0.1896914446002805,0.05575035063113604,0.007713884992987377,0.010168302945301542
,True 2,0.42062911485003657,0.3913679590343819,0.15874177029992684,0.018288222384784197,0.010972933430870519
,True 3,0.1413105413105413,0.29743589743589743,0.352991452991453,0.14358974358974358,0.06467236467236467
,True 4,0.02963951935914553,0.07832665776591011,0.20738762794837562,0.3649310191366266,0.31971517578994213
,True 5,0.0153125,0.01765625,0.059140625,0.25203125,0.655859375
,,Predicted 1,Predicted 2,Predicted 3,Predicted 4,Predicted 5
AVG,True 1,2068.3636363636365,561.4545454545455,162.36363636363637,23.90909090909091,35.18181818181818
,True 2,526.4545454545455,537.4545454545455,248.54545454545453,33.63636363636363,21.545454545454547
,True 3,475.27272727272725,1028.6363636363637,1232.2727272727273,544.0,229.9090909090909
,True 4,337.1818181818182,844.3636363636364,2251.4545454545455,4330.181818181818,3471.818181818182
,True 5,548.6363636363636,704.6363636363636,2129.181818181818,10142.363636363636,24875.909090909092
0,True 1,2050.0,556.0,184.0,22.0,40.0
,True 2,524.0,520.0,255.0,39.0,29.0
,True 3,503.0,1037.0,1208.0,517.0,245.0
,True 4,339.0,838.0,2225.0,4332.0,3501.0
,True 5,526.0,753.0,2070.0,9847.0,25205.0
1,True 1,2073.0,566.0,150.0,29.0,33.0
,True 2,497.0,554.0,259.0,35.0,23.0
,True 3,496.0,1051.0,1183.0,549.0,231.0
,True 4,334.0,879.0,2136.0,4400.0,3486.0
,True 5,545.0,736.0,2008.0,10466.0,24646.0
2,True 1,2050.0,573.0,169.0,17.0,42.0
,True 2,513.0,550.0,250.0,35.0,20.0
,True 3,446.0,1011.0,1252.0,560.0,241.0
,True 4,332.0,841.0,2210.0,4319.0,3533.0
,True 5,475.0,710.0,2026.0,10280.0,24910.0
3,True 1,2073.0,553.0,164.0,23.0,38.0
,True 2,522.0,546.0,246.0,29.0,25.0
,True 3,475.0,1032.0,1227.0,546.0,230.0
,True 4,352.0,768.0,2212.0,4435.0,3468.0
,True 5,600.0,721.0,2119.0,10128.0,24833.0
4,True 1,2023.0,605.0,151.0,38.0,34.0
,True 2,517.0,535.0,262.0,38.0,16.0
,True 3,467.0,1018.0,1253.0,568.0,204.0
,True 4,351.0,864.0,2251.0,4477.0,3292.0
,True 5,557.0,714.0,2152.0,10457.0,24521.0
5,True 1,2093.0,557.0,144.0,18.0,39.0
,True 2,522.0,535.0,255.0,39.0,17.0
,True 3,459.0,1044.0,1260.0,513.0,234.0
,True 4,331.0,824.0,2226.0,4260.0,3594.0
,True 5,548.0,660.0,2076.0,9947.0,25170.0
6,True 1,2096.0,553.0,140.0,31.0,31.0
,True 2,533.0,533.0,245.0,33.0,24.0
,True 3,470.0,1086.0,1188.0,538.0,228.0
,True 4,346.0,858.0,2294.0,4259.0,3478.0
,True 5,521.0,702.0,2403.0,10064.0,24711.0
7,True 1,2065.0,554.0,174.0,26.0,32.0
,True 2,505.0,549.0,253.0,37.0,24.0
,True 3,446.0,970.0,1322.0,556.0,216.0
,True 4,328.0,854.0,2407.0,4270.0,3376.0
,True 5,568.0,687.0,2126.0,10300.0,24720.0
8,True 1,2072.0,564.0,172.0,14.0,29.0
,True 2,560.0,521.0,236.0,27.0,23.0
,True 3,461.0,1036.0,1228.0,544.0,242.0
,True 4,347.0,865.0,2313.0,4293.0,3417.0
,True 5,557.0,712.0,2124.0,9981.0,25026.0
9,True 1,2056.0,554.0,179.0,23.0,40.0
,True 2,523.0,534.0,256.0,33.0,21.0
,True 3,509.0,986.0,1195.0,589.0,231.0
,True 4,316.0,817.0,2162.0,4487.0,3453.0
,True 5,550.0,678.0,2046.0,10418.0,24708.0
10,True 1,2101.0,541.0,159.0,22.0,29.0
,True 2,575.0,535.0,217.0,25.0,15.0
,True 3,496.0,1044.0,1239.0,504.0,227.0
,True 4,333.0,880.0,2330.0,4100.0,3592.0
,True 5,588.0,678.0,2271.0,9678.0,25185.0
