,Rounded RMSE,Rounded MSE,Rounded MAE,Accuracy,Log Loss
0,0.7691991894234386,0.5916673930096749,0.3690229233853395,0.7124204654405997,2.1731088396857183
1,0.7760356471975103,0.6022313257212586,0.3762398675150353,0.7071384990848079,2.182422441484914
2,0.7715864138275843,0.5953455940033121,0.37144600366076874,0.7104331909701037,2.2948644786325625
3,0.7748554325424445,0.6004009413405387,0.3733635492024754,0.7092826636450797,2.2371144351631806
4,0.7790063332563811,0.6068508672535519,0.37472326331386735,0.7095790115924344,2.2594136690170474
5,0.7767765785901906,0.6033818530462826,0.3730672012551207,0.710084546326157,2.255570471385402
6,0.7747541876303494,0.6002440512507626,0.37334611697027803,0.7099276562363811,2.2293871716682747
7,0.7809395901244157,0.6098666434236905,0.37313693018391003,0.7116883116883117,2.222902663563015
8,0.7683328718688809,0.5903354019942821,0.3674429956070009,0.7138449201589847,2.2786340860134615
9,0.7705418525498309,0.5937347465309253,0.3709120702879855,0.710672198591451,2.2104460781842468
10,0.7769292081594813,0.6036189944913186,0.37051112195802244,0.7131127536434,2.1903750028786995
AVG,0.7744506641064098,0.5997888920059634,0.372110185758164,0.7107440197616101,2.2303853943342293
,,,,,
,,Predicted 1,Predicted 2,Predicted 3,Predicted 4,Predicted 5
AVG,True 1,0.7267564013745196,0.05458518774692377,0.10135835939913936,0.0469328401338921,0.0703672113455251
,True 2,0.4339303208032273,0.09385902687600604,0.24534612867208255,0.12316971937058181,0.1036948042781023
,True 3,0.14959460299819172,0.05125475703658558,0.25145694838090166,0.27455912970011515,0.2731345618842059
,True 4,0.02323097463284379,0.008326253186066272,0.06288789092527411,0.241752639883481,0.6638022413723348
,True 5,0.005144316026531822,0.0012049971769201087,0.009315634190792066,0.07361364996364127,0.910721402642115
0,True 1,0.7335203366058906,0.051542776998597474,0.10308555399719495,0.04593267882187938,0.06591865357643759
,True 2,0.4337966349670812,0.09656181419166057,0.246525237746891,0.11558156547183614,0.1075347476225311
,True 3,0.15356125356125355,0.05071225071225071,0.26153846153846155,0.2726495726495726,0.26153846153846155
,True 4,0.024566088117489986,0.0075656430796617715,0.062394303515798846,0.2433466844681798,0.6621272808188696
,True 5,0.004843623863961876,0.0009895575636051145,0.009687247727923752,0.0732533006952944,0.9112262701492149
1,True 1,0.7190459487898982,0.061381971238162046,0.10733076113644335,0.04559803577692038,0.06664328305857593
,True 2,0.4152046783625731,0.08698830409356725,0.2412280701754386,0.14839181286549707,0.10818713450292397
,True 3,0.15669515669515668,0.045014245014245016,0.249002849002849,0.2743589743589744,0.27492877492877493
,True 4,0.024388072986203827,0.008455718736092568,0.06817979528259902,0.23533600356030263,0.663640409434802
,True 5,0.004635295955834484,0.0011197625061847348,0.009635165750891904,0.07635217832868936,0.9082575974583995
2,True 1,0.7218519817607857,0.061732725359522976,0.09786039985969835,0.05085934759733427,0.06769554542265871
,True 2,0.42105263157894735,0.09868421052631579,0.25219298245614036,0.11842105263157894,0.10964912280701754
,True 3,0.14358974358974358,0.04757834757834758,0.24700854700854702,0.2849002849002849,0.27692307692307694
,True 4,0.022518914107699156,0.008633733867378727,0.061504227859368044,0.2388963061860258,0.6684468179795282
,True 5,0.004817582875445952,0.0011197625061847348,0.009557042785344132,0.07281060389052368,0.9116950079425015
3,True 1,0.7236057523675903,0.057172921781830935,0.1080322693791652,0.043493511048754825,0.06769554542265871
,True 2,0.4269005847953216,0.07602339181286549,0.24926900584795322,0.1301169590643275,0.11769005847953216
,True 3,0.1544159544159544,0.05270655270655271,0.25384615384615383,0.2698005698005698,0.2692307692307692
,True 4,0.021539830885625277,0.007031597685803293,0.05945705384957722,0.23658210947930575,0.6753894080996885
,True 5,0.005416525611312205,0.0010676805291528865,0.009114345980573422,0.0736959975000651,0.9107054503788964
4,True 1,0.7211504735180638,0.052963872325499824,0.09996492458786391,0.055419151175026306,0.07050157839354612
,True 2,0.4298245614035088,0.0935672514619883,0.24707602339181287,0.12426900584795321,0.10526315789473684
,True 3,0.1415954415954416,0.046153846153846156,0.2547008547008547,0.2811965811965812,0.27635327635327633
,True 4,0.025990209167779263,0.008455718736092568,0.06720071206052515,0.24067645749888741,0.6576769025367156
,True 5,0.005051951772089268,0.0011197625061847348,0.009374755865732663,0.07502408791437723,0.9094294419416161
5,True 1,0.7288670641880042,0.05226236408277797,0.0943528586460891,0.051210101718695195,0.07330761136443353
,True 2,0.43567251461988304,0.08698830409356725,0.2507309941520468,0.1301169590643275,0.09649122807017543
,True 3,0.14102564102564102,0.05726495726495726,0.2532763532763533,0.2743589743589744,0.2740740740740741
,True 4,0.021450823319982198,0.008900756564307966,0.06453048509123276,0.24183355585224744,0.6632843791722296
,True 5,0.005598812530923674,0.0011718444832165829,0.009531001796828208,0.07406057133928803,0.9096377698497435
6,True 1,0.7320238512802525,0.05647141353910908,0.09750964573833742,0.04594878989828131,0.06804629954401964
,True 2,0.4334795321637427,0.09722222222222222,0.24561403508771928,0.11988304093567251,0.10380116959064327
,True 3,0.15128205128205127,0.05213675213675214,0.2413105413105413,0.26894586894586897,0.2863247863247863
,True 4,0.024566088117489986,0.008277703604806409,0.06292834890965732,0.2463729417000445,0.6578549176680017
,True 5,0.004765500898414104,0.0013280904143121272,0.009765370693471524,0.07557094867321164,0.9085700893205906
7,True 1,0.7285163100666433,0.04805331462644686,0.09961417046650298,0.044896527534198524,0.07891967730620834
,True 2,0.4276315789473684,0.1023391812865497,0.24415204678362573,0.12573099415204678,0.10014619883040936
,True 3,0.14017094017094017,0.04871794871794872,0.2515669515669516,0.2863247863247863,0.27321937321937323
,True 4,0.02394303515798843,0.00792167334223409,0.06203827325322652,0.24753004005340454,0.6585669781931465
,True 5,0.005781099450535143,0.0012760084372802792,0.009452878831280435,0.07348766959193771,0.9100023436889665
8,True 1,0.7267625394598387,0.05647141353910908,0.10978603998596984,0.03963521571378464,0.0673447913012978
,True 2,0.46452084857351866,0.091441111923921,0.23920994879297733,0.10899780541331383,0.0958302852962692
,True 3,0.15237823981771575,0.053830817430931356,0.24722301338649957,0.27200227855311876,0.27456565081173456
,True 4,0.02385402759234535,0.00792167334223409,0.061771250556297286,0.24699599465954605,0.6594570538495772
,True 5,0.005208333333333333,0.00109375,0.008567708333333333,0.07083333333333333,0.914296875
9,True 1,0.7272089761570828,0.052244039270687236,0.10694249649368864,0.04207573632538569,0.07152875175315568
,True 2,0.4162399414776884,0.10534016093635698,0.2531089978054133,0.12948061448427212,0.0958302852962692
,True 3,0.15156695156695157,0.05498575498575498,0.2492877492877493,0.2675213675213675,0.27663817663817664
,True 4,0.019848687138406765,0.009523809523809525,0.054294615042278595,0.2437027147307521,0.672630173564753
,True 5,0.004921875,0.0015104166666666666,0.008984375,0.07479166666666667,0.9097916666666667
10,True 1,0.7317671809256662,0.05014025245441795,0.09046283309957924,0.05119214586255259,0.07643758765778401
,True 2,0.46891002194586684,0.09729334308705194,0.22970007315288954,0.10387710314557425,0.10021945866861741
,True 3,0.15925925925925927,0.0547008547008547,0.25726495726495724,0.26809116809116806,0.2606837606837607
,True 4,0.022874944370271474,0.008900756564307966,0.06746773475745438,0.23800623052959502,0.6627503337783711
,True 5,0.005546875,0.0014583333333333334,0.008802083333333334,0.06986979166666667,0.9143229166666667
,,Predicted 1,Predicted 2,Predicted 3,Predicted 4,Predicted 5
AVG,True 1,2072.181818181818,155.63636363636363,289.0,133.8181818181818,200.63636363636363
,True 2,593.4545454545455,128.36363636363637,335.54545454545456,168.45454545454547,141.8181818181818
,True 3,525.0909090909091,179.9090909090909,882.6363636363636,963.7272727272727,958.7272727272727
,True 4,261.0,93.54545454545455,706.5454545454545,2716.090909090909,7457.818181818182
,True 5,197.54545454545453,46.27272727272727,357.72727272727275,2826.818181818182,34972.36363636364
0,True 1,2092.0,147.0,294.0,131.0,188.0
,True 2,593.0,132.0,337.0,158.0,147.0
,True 3,539.0,178.0,918.0,957.0,918.0
,True 4,276.0,85.0,701.0,2734.0,7439.0
,True 5,186.0,38.0,372.0,2813.0,34992.0
1,True 1,2050.0,175.0,306.0,130.0,190.0
,True 2,568.0,119.0,330.0,203.0,148.0
,True 3,550.0,158.0,874.0,963.0,965.0
,True 4,274.0,95.0,766.0,2644.0,7456.0
,True 5,178.0,43.0,370.0,2932.0,34878.0
2,True 1,2058.0,176.0,279.0,145.0,193.0
,True 2,576.0,135.0,345.0,162.0,150.0
,True 3,504.0,167.0,867.0,1000.0,972.0
,True 4,253.0,97.0,691.0,2684.0,7510.0
,True 5,185.0,43.0,367.0,2796.0,35010.0
3,True 1,2063.0,163.0,308.0,124.0,193.0
,True 2,584.0,104.0,341.0,178.0,161.0
,True 3,542.0,185.0,891.0,947.0,945.0
,True 4,242.0,79.0,668.0,2658.0,7588.0
,True 5,208.0,41.0,350.0,2830.0,34972.0
4,True 1,2056.0,151.0,285.0,158.0,201.0
,True 2,588.0,128.0,338.0,170.0,144.0
,True 3,497.0,162.0,894.0,987.0,970.0
,True 4,292.0,95.0,755.0,2704.0,7389.0
,True 5,194.0,43.0,360.0,2881.0,34923.0
5,True 1,2078.0,149.0,269.0,146.0,209.0
,True 2,596.0,119.0,343.0,178.0,132.0
,True 3,495.0,201.0,889.0,963.0,962.0
,True 4,241.0,100.0,725.0,2717.0,7452.0
,True 5,215.0,45.0,366.0,2844.0,34931.0
6,True 1,2087.0,161.0,278.0,131.0,194.0
,True 2,593.0,133.0,336.0,164.0,142.0
,True 3,531.0,183.0,847.0,944.0,1005.0
,True 4,276.0,93.0,707.0,2768.0,7391.0
,True 5,183.0,51.0,375.0,2902.0,34890.0
7,True 1,2077.0,137.0,284.0,128.0,225.0
,True 2,585.0,140.0,334.0,172.0,137.0
,True 3,492.0,171.0,883.0,1005.0,959.0
,True 4,269.0,89.0,697.0,2781.0,7399.0
,True 5,222.0,49.0,363.0,2822.0,34945.0
8,True 1,2072.0,161.0,313.0,113.0,192.0
,True 2,635.0,125.0,327.0,149.0,131.0
,True 3,535.0,189.0,868.0,955.0,964.0
,True 4,268.0,89.0,694.0,2775.0,7409.0
,True 5,200.0,42.0,329.0,2720.0,35109.0
9,True 1,2074.0,149.0,305.0,120.0,204.0
,True 2,569.0,144.0,346.0,177.0,131.0
,True 3,532.0,193.0,875.0,939.0,971.0
,True 4,223.0,107.0,610.0,2738.0,7557.0
,True 5,189.0,58.0,345.0,2872.0,34936.0
10,True 1,2087.0,143.0,258.0,146.0,218.0
,True 2,641.0,133.0,314.0,142.0,137.0
,True 3,559.0,192.0,903.0,941.0,915.0
,True 4,257.0,100.0,758.0,2674.0,7446.0
,True 5,213.0,56.0,338.0,2683.0,35110.0
