,Rounded RMSE,Rounded MSE,Rounded MAE,Accuracy,Log Loss
0,0.7512330431739902,0.5643510851564543,0.3456463000087161,0.7334437374705831,0.7750645862705091
1,0.7604583295055164,0.5782968709143206,0.35122461431186264,0.7311775472849298,0.7579070694446813
2,0.7584039170198147,0.575176501350998,0.3517301490455853,0.7291379761178419,0.7645618002900989
3,0.7594490334979401,0.5767628344809553,0.35164298788459863,0.7296609430837618,0.7726806701858512
4,0.7600800005603414,0.5777216072518085,0.348731805107644,0.7333217118452018,0.7784591640117872
5,0.7633982935460591,0.5827769545890351,0.3520439292251373,0.7302885034428659,0.7673070991393791
6,0.7611686208131252,0.5793776693105552,0.3521659548505186,0.7303408001394579,0.7767500561936362
7,0.7647215790887072,0.5847990935239258,0.3502658415410093,0.7325198291641245,0.7722439253780202
8,0.7593293956004477,0.5765811310229412,0.3492957255421519,0.7321665155846873,0.7491340428346551
9,0.7597539962764915,0.5772261348580991,0.3522766892127467,0.7291332543058364,0.7630855703845303
10,0.7630737646668575,0.5822815703228506,0.35008018966599264,0.7323059758733701,0.7614968736261473
AVG,0.7600972703408447,0.5777592229801768,0.35046401694508755,0.731226981301151,0.7671537143417542
,,,,,
,,Predicted 1,Predicted 2,Predicted 3,Predicted 4,Predicted 5
AVG,True 1,0.7675041981596656,0.007046231253627788,0.10464221268382895,0.03347788878308177,0.08732946911979589
,True 2,0.46085187726026294,0.015620533677746936,0.2853631607337379,0.11040709719145018,0.12775733113680213
,True 3,0.15003484442390735,0.006837488808437256,0.2598997445479929,0.26249013810961974,0.3207377841100427
,True 4,0.02230853258890642,0.0006311445563782011,0.04816927620665939,0.18045879354290573,0.7484322531051504
,True 5,0.004883906757873255,7.102124767110705e-05,0.005743263817703612,0.03106001070590413,0.9582417974708478
0,True 1,0.770687237026648,0.009467040673211781,0.10133239831697055,0.030855539971949508,0.0876577840112202
,True 2,0.46525237746891,0.014630577907827359,0.2816386247256767,0.1119239209948793,0.12655449890270665
,True 3,0.15555555555555556,0.009686609686609686,0.27891737891737894,0.24871794871794872,0.3071225071225071
,True 4,0.021895861148197596,0.0004450378282153983,0.047619047619047616,0.1859368046283934,0.744103248776146
,True 5,0.004140517174031926,5.208197703184813e-05,0.005755058462019218,0.032056456863102524,0.9579958855238145
1,True 1,0.7695545422658716,0.006313574184496668,0.10417397404419503,0.03226937916520519,0.0876885303402315
,True 2,0.43640350877192985,0.010964912280701754,0.28728070175438597,0.12719298245614036,0.13815789473684212
,True 3,0.15356125356125355,0.006837606837606838,0.25555555555555554,0.24985754985754985,0.33418803418803417
,True 4,0.022696929238985315,0.0012461059190031153,0.05037828215398309,0.17952825990209167,0.7461504227859368
,True 5,0.004322804093643395,5.208197703184813e-05,0.005364443634280357,0.03140543215020442,0.95885523814484
2,True 1,0.7688530340231498,0.003858295334970186,0.10768151525780428,0.035426166257453526,0.08418098912662224
,True 2,0.4619883040935672,0.019736842105263157,0.2894736842105263,0.10087719298245613,0.12792397660818713
,True 3,0.14358974358974358,0.007122507122507123,0.2452991452991453,0.27521367521367524,0.32877492877492875
,True 4,0.021717846016911437,0.000534045393858478,0.04530485091232755,0.17676902536715622,0.7556742323097463
,True 5,0.004557172990286711,0.00013020494257962031,0.006119632301242155,0.03190021093200698,0.9572927788338845
3,True 1,0.7695545422658716,0.0073658365485794455,0.11013679410733077,0.030164854437039635,0.08277797264117853
,True 2,0.44298245614035087,0.01608187134502924,0.2909356725146199,0.1118421052631579,0.13815789473684212
,True 3,0.15042735042735042,0.007407407407407408,0.2643874643874644,0.2621082621082621,0.3156695156695157
,True 4,0.02127280818869604,0.0,0.04530485091232755,0.17908322207387628,0.7543391188251002
,True 5,0.004921746829509648,0.00010416395406369626,0.006510247128981016,0.032733522564516546,0.9557303195229291
4,True 1,0.7572781480182392,0.006664328305857594,0.1052262364082778,0.03753069098561908,0.0933005962820063
,True 2,0.45760233918128657,0.01827485380116959,0.28289473684210525,0.11403508771929824,0.12719298245614036
,True 3,0.13675213675213677,0.0062678062678062675,0.2678062678062678,0.2658119658119658,0.32336182336182334
,True 4,0.024388072986203827,0.0008010680907877169,0.050912327547841564,0.18388963061860258,0.7400089007565643
,True 5,0.0044009270591911665,2.6040988515924066e-05,0.0054686075883440535,0.02979089086221713,0.9603135335017318
5,True 1,0.7635917222027359,0.006313574184496668,0.10417397404419503,0.03226937916520519,0.09365135040336724
,True 2,0.4554093567251462,0.019736842105263157,0.2733918128654971,0.125,0.12646198830409358
,True 3,0.14415954415954416,0.0062678062678062675,0.24843304843304842,0.2809116809116809,0.32022792022792024
,True 4,0.021628838451268357,0.0006230529595015577,0.04868713840676458,0.179884290164664,0.7491766800178015
,True 5,0.005051951772089268,0.00010416395406369626,0.005494648576859978,0.03114502226504518,0.9582042134319418
6,True 1,0.763240968081375,0.008768853034023149,0.10733076113644335,0.03682918274289723,0.08383023500526131
,True 2,0.47149122807017546,0.017543859649122806,0.27266081871345027,0.1154970760233918,0.12280701754385964
,True 3,0.1544159544159544,0.005698005698005698,0.25783475783475784,0.245014245014245,0.337037037037037
,True 4,0.023141967067200713,0.0007120605251446373,0.05100133511348465,0.177659101023587,0.747485536270583
,True 5,0.00460925496731856,7.81229655477722e-05,0.005624853519439598,0.031509596104268116,0.958178172443426
7,True 1,0.7758681164503682,0.008418098912662224,0.09049456331111891,0.03472465801473167,0.09049456331111891
,True 2,0.4444444444444444,0.011695906432748537,0.29751461988304095,0.11403508771929824,0.13230994152046785
,True 3,0.147008547008547,0.008262108262108263,0.256980056980057,0.27464387464387463,0.3131054131054131
,True 4,0.022696929238985315,0.0009790832220738764,0.04512683578104139,0.18655985758789498,0.7446372941700045
,True 5,0.005781099450535143,7.81229655477722e-05,0.005025910783573345,0.030936694356917788,0.958178172443426
8,True 1,0.7737635917222028,0.006664328305857594,0.10627849877236058,0.02911259207295686,0.08418098912662224
,True 2,0.47988295537673736,0.013167520117044623,0.28237015362106804,0.10680321872713973,0.11777615215801024
,True 3,0.15465679293648532,0.004557106237539163,0.270863001993734,0.2557675875818855,0.314155511250356
,True 4,0.023052959501557634,0.0004450378282153983,0.04886515353805074,0.17926123720516243,0.7483756119270139
,True 5,0.005390625,5.208333333333334e-05,0.00578125,0.03015625,0.9586197916666667
9,True 1,0.7636746143057503,0.005960729312762973,0.11360448807854137,0.034361851332398316,0.08239831697054699
,True 2,0.4579370885149963,0.015362106803218726,0.30870519385515727,0.09217264081931237,0.1258229700073153
,True 3,0.15327635327635328,0.005698005698005698,0.24672364672364672,0.2660968660968661,0.3282051282051282
,True 4,0.019492656875834447,0.0009790832220738764,0.046639964396973745,0.17489986648865152,0.7579884290164663
,True 5,0.005104166666666667,0.0,0.006458333333333333,0.030208333333333334,0.9582291666666667
10,True 1,0.7664796633941094,0.007713884992987377,0.10063113604488079,0.0347124824684432,0.09046283309957924
,True 2,0.4959765910753475,0.014630577907827359,0.2721287490855889,0.09509875640087784,0.12216532553035844
,True 3,0.156980056980057,0.007407407407407408,0.2660968660968661,0.26324786324786326,0.30626780626780625
,True 4,0.023408989764129952,0.00017801513128615933,0.05002225189141077,0.18157543391188252,0.7448153093012906
,True 5,0.005442708333333333,0.00010416666666666667,0.005572916666666667,0.029817708333333335,0.9590625
,,Predicted 1,Predicted 2,Predicted 3,Predicted 4,Predicted 5
AVG,True 1,2188.3636363636365,20.09090909090909,298.3636363636364,95.45454545454545,249.0
,True 2,630.2727272727273,21.363636363636363,390.27272727272725,151.0,174.72727272727272
,True 3,526.6363636363636,24.0,912.2727272727273,921.3636363636364,1125.8181818181818
,True 4,250.63636363636363,7.090909090909091,541.1818181818181,2027.4545454545455,8408.636363636364
,True 5,187.54545454545453,2.727272727272727,220.54545454545453,1192.7272727272727,36797.181818181816
0,True 1,2198.0,27.0,289.0,88.0,250.0
,True 2,636.0,20.0,385.0,153.0,173.0
,True 3,546.0,34.0,979.0,873.0,1078.0
,True 4,246.0,5.0,535.0,2089.0,8360.0
,True 5,159.0,2.0,221.0,1231.0,36788.0
1,True 1,2194.0,18.0,297.0,92.0,250.0
,True 2,597.0,15.0,393.0,174.0,189.0
,True 3,539.0,24.0,897.0,877.0,1173.0
,True 4,255.0,14.0,566.0,2017.0,8383.0
,True 5,166.0,2.0,206.0,1206.0,36821.0
2,True 1,2192.0,11.0,307.0,101.0,240.0
,True 2,632.0,27.0,396.0,138.0,175.0
,True 3,504.0,25.0,861.0,966.0,1154.0
,True 4,244.0,6.0,509.0,1986.0,8490.0
,True 5,175.0,5.0,235.0,1225.0,36761.0
3,True 1,2194.0,21.0,314.0,86.0,236.0
,True 2,606.0,22.0,398.0,153.0,189.0
,True 3,528.0,26.0,928.0,920.0,1108.0
,True 4,239.0,0.0,509.0,2012.0,8475.0
,True 5,189.0,4.0,250.0,1257.0,36701.0
4,True 1,2159.0,19.0,300.0,107.0,266.0
,True 2,626.0,25.0,387.0,156.0,174.0
,True 3,480.0,22.0,940.0,933.0,1135.0
,True 4,274.0,9.0,572.0,2066.0,8314.0
,True 5,169.0,1.0,210.0,1144.0,36877.0
5,True 1,2177.0,18.0,297.0,92.0,267.0
,True 2,623.0,27.0,374.0,171.0,173.0
,True 3,506.0,22.0,872.0,986.0,1124.0
,True 4,243.0,7.0,547.0,2021.0,8417.0
,True 5,194.0,4.0,211.0,1196.0,36796.0
6,True 1,2176.0,25.0,306.0,105.0,239.0
,True 2,645.0,24.0,373.0,158.0,168.0
,True 3,542.0,20.0,905.0,860.0,1183.0
,True 4,260.0,8.0,573.0,1996.0,8398.0
,True 5,177.0,3.0,216.0,1210.0,36795.0
7,True 1,2212.0,24.0,258.0,99.0,258.0
,True 2,608.0,16.0,407.0,156.0,181.0
,True 3,516.0,29.0,902.0,964.0,1099.0
,True 4,255.0,11.0,507.0,2096.0,8366.0
,True 5,222.0,3.0,193.0,1188.0,36795.0
8,True 1,2206.0,19.0,303.0,83.0,240.0
,True 2,656.0,18.0,386.0,146.0,161.0
,True 3,543.0,16.0,951.0,898.0,1103.0
,True 4,259.0,5.0,549.0,2014.0,8408.0
,True 5,207.0,2.0,222.0,1158.0,36811.0
9,True 1,2178.0,17.0,324.0,98.0,235.0
,True 2,626.0,21.0,422.0,126.0,172.0
,True 3,538.0,20.0,866.0,934.0,1152.0
,True 4,219.0,11.0,524.0,1965.0,8516.0
,True 5,196.0,0.0,248.0,1160.0,36796.0
10,True 1,2186.0,22.0,287.0,99.0,258.0
,True 2,678.0,20.0,372.0,130.0,167.0
,True 3,551.0,26.0,934.0,924.0,1075.0
,True 4,263.0,2.0,562.0,2040.0,8368.0
,True 5,209.0,4.0,214.0,1145.0,36828.0
