,Rounded RMSE,Rounded MSE,Rounded MAE,Accuracy,Log Loss
0,0.9271747939732147,0.8596530985792731,0.5028501699642639,0.6254510590081059,1.0180795191650638
1,0.9225285947362217,0.851059008105988,0.5049943345245359,0.6202213893489061,1.0279103661253342
2,0.9142432222323097,0.8358406693977164,0.4968883465527761,0.6256253813300793,1.0221710994643183
3,0.9326206224858656,0.8697812254859235,0.5080624073912664,0.6212847555129435,1.0572051735018095
4,0.9269397460322542,0.8592172927743398,0.5026584154100933,0.6238124291815567,1.0403519236155638
5,0.9098471534202562,0.8278218425869432,0.4926000174322322,0.6283448095528632,1.042243969270172
6,0.9203813836650507,0.8471018913971934,0.5014207269240827,0.6233766233766234,1.0282481108388777
7,0.9179158518218796,0.8425695110258868,0.4970626688747494,0.6275254946395886,1.0357869087054568
8,0.9115300145557592,0.8308869674360226,0.4958336238756014,0.6254968272784325,1.0130253704182464
9,0.9190815897142673,0.8447109685517049,0.5012900076703158,0.6212607210096925,1.0410515542762313
10,0.9375411108295477,0.8789833344955024,0.5067638240011156,0.6246426330102504,1.0209796837903902
AVG,0.9218003712242389,0.8497841645305904,0.5009476856928212,0.6242765566590038,1.031550334470133
,,,,,
,,Predicted 1,Predicted 2,Predicted 3,Predicted 4,Predicted 5
AVG,True 1,0.7440378284048943,0.17902698534860276,0.05522247529370347,0.006918751383305294,0.014793959569494149
,True 2,0.38347850156747865,0.38600156650632145,0.18924139170163887,0.022268025420337435,0.019010514804223652
,True 3,0.12561194620437,0.2794539985368809,0.3663205682573384,0.14804057193689776,0.0805729150645129
,True 4,0.028393413440142404,0.06558239268519642,0.1915038232795242,0.35650766678804063,0.3580127038070963
,True 5,0.014703795654094394,0.016583494252339546,0.044568273763092504,0.1983532715816665,0.725791164748807
0,True 1,0.7321178120617111,0.18548387096774194,0.06030855539971949,0.006661991584852735,0.015427769985974754
,True 2,0.3862472567666423,0.37820043891733723,0.18800292611558156,0.024140453547915143,0.023408924652523776
,True 3,0.13276353276353275,0.29971509971509974,0.3527065527065527,0.1339031339031339,0.08091168091168091
,True 4,0.02848242100578549,0.06381842456608812,0.19492656875834447,0.35113484646194926,0.36163773920783265
,True 5,0.01531210124736335,0.015806880029165908,0.047811254915236585,0.18955235540741128,0.7315174084008229
1,True 1,0.7428972290424413,0.1876534549280954,0.047351806383725006,0.00701508242721852,0.015082427218519818
,True 2,0.36915204678362573,0.39473684210526316,0.18859649122807018,0.02412280701754386,0.023391812865497075
,True 3,0.12621082621082622,0.2934472934472934,0.34843304843304845,0.15356125356125355,0.07834757834757834
,True 4,0.027058299955496218,0.07093902981753449,0.18682688028482422,0.35736537605696483,0.35781041388518026
,True 5,0.013567355016796437,0.018098487018567224,0.044425926408166456,0.203015546470144,0.7208926850863259
2,True 1,0.7404419501929148,0.17642932304454578,0.061732725359522976,0.006664328305857594,0.014731673097158891
,True 2,0.37792397660818716,0.37719298245614036,0.20175438596491227,0.023391812865497075,0.019736842105263157
,True 3,0.1170940170940171,0.2814814814814815,0.36752136752136755,0.14444444444444443,0.08945868945868946
,True 4,0.02892745883400089,0.06978193146417445,0.18388963061860258,0.35095683133066313,0.36644414775255896
,True 5,0.013359027108669045,0.017134970443478035,0.041353089763287415,0.1982500455717299,0.7299028671128356
3,True 1,0.7530690985619081,0.17362329007365837,0.05085934759733427,0.0056120659417748155,0.01683619782532445
,True 2,0.375,0.39400584795321636,0.1878654970760234,0.02046783625730994,0.02266081871345029
,True 3,0.12478632478632479,0.2866096866096866,0.36381766381766384,0.14415954415954416,0.08062678062678062
,True 4,0.02874944370271473,0.06203827325322652,0.1878059635068981,0.36742323097463286,0.3539830885625278
,True 5,0.015468347178458894,0.01716101143199396,0.0480456238118799,0.2019218249524752,0.717403192625192
4,True 1,0.729919326552087,0.18940722553490003,0.05506839705366538,0.008418098912662224,0.017186951946685375
,True 2,0.36915204678362573,0.3845029239766082,0.2010233918128655,0.027046783625730993,0.01827485380116959
,True 3,0.12165242165242166,0.27350427350427353,0.37037037037037035,0.1586894586894587,0.07578347578347579
,True 4,0.02883845126835781,0.0661326212728082,0.1882510013351135,0.36555407209612817,0.3512238540275923
,True 5,0.01557251113252259,0.017134970443478035,0.04223848337282883,0.20186974297544336,0.7231842920757272
5,True 1,0.7565766397755174,0.16941424061732727,0.05191160996141705,0.006664328305857594,0.015433181339880744
,True 2,0.39546783625730997,0.375,0.1871345029239766,0.027777777777777776,0.014619883040935672
,True 3,0.12478632478632479,0.2720797720797721,0.36866096866096865,0.14871794871794872,0.08575498575498576
,True 4,0.026168224299065422,0.0673787271918113,0.18896306186025813,0.3556742323097463,0.36181575433911883
,True 5,0.014322543683758236,0.014635035545949325,0.04385302466081612,0.19582823363974897,0.7313611624697274
6,True 1,0.7474570326201333,0.17748158540862854,0.05612065941774816,0.00526131182041389,0.013679410733076113
,True 2,0.3845029239766082,0.3925438596491228,0.18640350877192982,0.014619883040935672,0.021929824561403508
,True 3,0.12763532763532764,0.28433048433048436,0.3646723646723647,0.1378917378917379,0.08547008547008547
,True 4,0.02652425456163774,0.06524254561637739,0.19715175789942144,0.35086782376502,0.3602136181575434
,True 5,0.014635035545949325,0.015885002994713678,0.04658732845498815,0.19713028306554517,0.7257623499388037
7,True 1,0.744300245527885,0.17362329007365837,0.06103121711680112,0.009119607155384075,0.011925640126271484
,True 2,0.36257309941520466,0.37646198830409355,0.22441520467836257,0.01827485380116959,0.01827485380116959
,True 3,0.11623931623931624,0.25726495726495724,0.3994301994301994,0.15185185185185185,0.07521367521367521
,True 4,0.02857142857142857,0.06417445482866044,0.2109479305740988,0.3426791277258567,0.3536270582999555
,True 5,0.01447878961485378,0.016171453868388846,0.04684773834014739,0.19051587198250045,0.7319861461941095
8,True 1,0.7400911960715538,0.18695194668537354,0.055419151175026306,0.006313574184496668,0.011224131883549631
,True 2,0.39648866130212146,0.4001463057790783,0.1667885881492319,0.02267739575713241,0.013899049012435992
,True 3,0.1227570492737112,0.2811164910281971,0.36285958416405584,0.15351751637710054,0.07974935915693535
,True 4,0.02866043613707165,0.06898086337338674,0.18976412995104583,0.35683133066310635,0.3557632398753894
,True 5,0.013255208333333334,0.017395833333333333,0.041875,0.19984375,0.7276302083333334
9,True 1,0.7436886395511921,0.1770687237026648,0.05539971949509116,0.008064516129032258,0.015778401122019635
,True 2,0.37673738112655447,0.4038039502560351,0.17629846378931968,0.026335040234089245,0.016825164594001463
,True 3,0.13675213675213677,0.26467236467236466,0.349002849002849,0.17207977207977207,0.07749287749287749
,True 4,0.02848242100578549,0.06221628838451268,0.1746328437917223,0.3833555852247441,0.35131286159323544
,True 5,0.01421875,0.017734375,0.03953125,0.21411458333333333,0.7144010416666666
10,True 1,0.7538569424964937,0.17215988779803645,0.052244039270687236,0.006311360448807854,0.015427769985974754
,True 2,0.4250182882223848,0.3694220921726408,0.1733723482077542,0.016093635698610095,0.016093635698610095
,True 3,0.13105413105413105,0.2797720797720798,0.382051282051282,0.12962962962962962,0.07749287749287749
,True 4,0.03186470850022252,0.06070315976858033,0.20338228749443701,0.33974187805963507,0.3643079661771251
,True 5,0.017552083333333333,0.015260416666666667,0.04768229166666667,0.18984375,0.7296614583333333
,,Predicted 1,Predicted 2,Predicted 3,Predicted 4,Predicted 5
AVG,True 1,2121.4545454545455,510.45454545454544,157.45454545454547,19.727272727272727,42.18181818181818
,True 2,524.4545454545455,527.9090909090909,258.8181818181818,30.454545454545453,26.0
,True 3,440.90909090909093,980.9090909090909,1285.8181818181818,519.6363636363636,282.8181818181818
,True 4,319.0,736.8181818181819,2151.5454545454545,4005.3636363636365,4022.2727272727275
,True 5,564.6363636363636,636.8181818181819,1711.4545454545455,7616.909090909091,27870.909090909092
0,True 1,2088.0,529.0,172.0,19.0,44.0
,True 2,528.0,517.0,257.0,33.0,32.0
,True 3,466.0,1052.0,1238.0,470.0,284.0
,True 4,320.0,717.0,2190.0,3945.0,4063.0
,True 5,588.0,607.0,1836.0,7279.0,28091.0
1,True 1,2118.0,535.0,135.0,20.0,43.0
,True 2,505.0,540.0,258.0,33.0,32.0
,True 3,443.0,1030.0,1223.0,539.0,275.0
,True 4,304.0,797.0,2099.0,4015.0,4020.0
,True 5,521.0,695.0,1706.0,7796.0,27683.0
2,True 1,2111.0,503.0,176.0,19.0,42.0
,True 2,517.0,516.0,276.0,32.0,27.0
,True 3,411.0,988.0,1290.0,507.0,314.0
,True 4,325.0,784.0,2066.0,3943.0,4117.0
,True 5,513.0,658.0,1588.0,7613.0,28029.0
3,True 1,2147.0,495.0,145.0,16.0,48.0
,True 2,513.0,539.0,257.0,28.0,31.0
,True 3,438.0,1006.0,1277.0,506.0,283.0
,True 4,323.0,697.0,2110.0,4128.0,3977.0
,True 5,594.0,659.0,1845.0,7754.0,27549.0
4,True 1,2081.0,540.0,157.0,24.0,49.0
,True 2,505.0,526.0,275.0,37.0,25.0
,True 3,427.0,960.0,1300.0,557.0,266.0
,True 4,324.0,743.0,2115.0,4107.0,3946.0
,True 5,598.0,658.0,1622.0,7752.0,27771.0
5,True 1,2157.0,483.0,148.0,19.0,44.0
,True 2,541.0,513.0,256.0,38.0,20.0
,True 3,438.0,955.0,1294.0,522.0,301.0
,True 4,294.0,757.0,2123.0,3996.0,4065.0
,True 5,550.0,562.0,1684.0,7520.0,28085.0
6,True 1,2131.0,506.0,160.0,15.0,39.0
,True 2,526.0,537.0,255.0,20.0,30.0
,True 3,448.0,998.0,1280.0,484.0,300.0
,True 4,298.0,733.0,2215.0,3942.0,4047.0
,True 5,562.0,610.0,1789.0,7570.0,27870.0
7,True 1,2122.0,495.0,174.0,26.0,34.0
,True 2,496.0,515.0,307.0,25.0,25.0
,True 3,408.0,903.0,1402.0,533.0,264.0
,True 4,321.0,721.0,2370.0,3850.0,3973.0
,True 5,556.0,621.0,1799.0,7316.0,28109.0
8,True 1,2110.0,533.0,158.0,18.0,32.0
,True 2,542.0,547.0,228.0,31.0,19.0
,True 3,431.0,987.0,1274.0,539.0,280.0
,True 4,322.0,775.0,2132.0,4009.0,3997.0
,True 5,509.0,668.0,1608.0,7674.0,27941.0
9,True 1,2121.0,505.0,158.0,23.0,45.0
,True 2,515.0,552.0,241.0,36.0,23.0
,True 3,480.0,929.0,1225.0,604.0,272.0
,True 4,320.0,699.0,1962.0,4307.0,3947.0
,True 5,546.0,681.0,1518.0,8222.0,27433.0
10,True 1,2150.0,491.0,149.0,18.0,44.0
,True 2,581.0,505.0,237.0,22.0,22.0
,True 3,460.0,982.0,1341.0,455.0,272.0
,True 4,358.0,682.0,2285.0,3817.0,4093.0
,True 5,674.0,586.0,1831.0,7290.0,28019.0
