,Rounded RMSE,Rounded MSE,Rounded MAE,Accuracy,Log Loss
0,1.1445587872177505,1.3100148173973678,0.7155408350039223,0.5004619541532294,5.751139927906446
1,1.1548087267284404,1.3335831953281618,0.7214677939510155,0.49699293994596005,5.858108198685838
2,1.129048011229887,1.2747494116621634,0.7060054039919812,0.5001133095092827,5.9179649600592015
3,1.1361127588489246,1.2907522008193149,0.7128737034777303,0.49802144164560275,5.9082745489458395
4,1.1398504858671656,1.2992591301316134,0.7159417763444609,0.4977250936982481,6.034803556821316
5,1.1401104446615349,1.2998518260263228,0.7106423777564718,0.500758302100584,5.629231342911935
6,1.1376614222707808,1.294273511723176,0.713431534908045,0.49760306807286675,5.863982375242663
7,1.1505666921415107,1.323803713065458,0.7155582672361196,0.5014555913884773,5.86907165205074
8,1.1197789460795904,1.2539048880831183,0.7049194616832857,0.498954047834879,5.909798070165574
9,1.1435478540238304,1.3077016944425075,0.7151697929014713,0.49776863538107524,5.896997467563542
10,1.143098060016494,1.306673174813472,0.7124677498082421,0.5005055435464751,5.790475443001537
AVG,1.139922017189628,1.2995061421356977,0.7130926088238859,0.49912362975242547,5.857258867577695
,,,,,
,,Predicted 1,Predicted 2,Predicted 3,Predicted 4,Predicted 5
AVG,True 1,0.6982206886971978,0.22219817424496965,0.05796405277849991,0.012498326840677622,0.009118757438655036
,True 2,0.40926917307678107,0.38327408377075334,0.16584568979363576,0.029646365475880735,0.011964687882949153
,True 3,0.17981930619355854,0.2938283211139947,0.31959791740481,0.15233995410583276,0.05441450118180395
,True 4,0.04916454262248655,0.09069061779342152,0.2308937168750253,0.3739207832665777,0.255330339442489
,True 5,0.025728672109825105,0.02603171110551493,0.10095687717106877,0.3057754797386314,0.5415072598749597
0,True 1,0.6938990182328191,0.21844319775596072,0.06346423562412343,0.01332398316970547,0.010869565217391304
,True 2,0.4162399414776884,0.3694220921726408,0.1645940014630578,0.03584491587417703,0.013899049012435992
,True 3,0.19373219373219372,0.3054131054131054,0.2928774928774929,0.15014245014245015,0.05783475783475783
,True 4,0.052336448598130844,0.08811748998664887,0.23168669336893635,0.3627058299955496,0.2651535380507343
,True 5,0.025546209734121507,0.02549412775708966,0.10426811801775995,0.2946537850576808,0.5500377594333481
1,True 1,0.6994037179936864,0.22448263767099264,0.05506839705366538,0.01052262364082778,0.01052262364082778
,True 2,0.3888888888888889,0.3932748538011696,0.17178362573099415,0.03289473684210526,0.013157894736842105
,True 3,0.1891737891737892,0.2965811965811966,0.3145299145299145,0.14586894586894586,0.05384615384615385
,True 4,0.047975077881619935,0.09327992879394749,0.2253671562082777,0.37605696484201157,0.2573208722741433
,True 5,0.028723210333064242,0.027056587068045104,0.09838285461316111,0.30811697612041355,0.537720371865316
2,True 1,0.6902841108383023,0.2251841459137145,0.06559102069449316,0.012627148368993335,0.006313574184496668
,True 2,0.391812865497076,0.40497076023391815,0.16301169590643275,0.02850877192982456,0.011695906432748537
,True 3,0.16894586894586894,0.28888888888888886,0.3247863247863248,0.16153846153846155,0.05584045584045584
,True 4,0.0477080551846907,0.09069870939029817,0.226791277258567,0.3775700934579439,0.25723186470850024
,True 5,0.024764980078643785,0.02588474258482852,0.0968464362907216,0.31124189474232444,0.5412619463034817
3,True 1,0.7008067344791301,0.2160645387583304,0.06068046299544019,0.013679410733076113,0.008768853034023149
,True 2,0.4130116959064328,0.37646198830409355,0.16812865497076024,0.027046783625730993,0.015350877192982455
,True 3,0.18091168091168092,0.2937321937321937,0.32022792022792024,0.15156695156695157,0.05356125356125356
,True 4,0.04833110814419225,0.08820649755229194,0.2337338673787272,0.37214063195371605,0.25758789497107254
,True 5,0.024009791411681986,0.026900341136949557,0.10314835551157522,0.305564959245853,0.5403765526939402
4,True 1,0.6927393896878288,0.22869168712732374,0.05366538056822168,0.01578393546124167,0.009119607155384075
,True 2,0.4100877192982456,0.3881578947368421,0.1652046783625731,0.02631578947368421,0.01023391812865497
,True 3,0.17122507122507122,0.3034188034188034,0.3176638176638177,0.15584045584045583,0.05185185185185185
,True 4,0.05046728971962617,0.09087672452158434,0.23818424566088117,0.3758789497107254,0.2445927903871829
,True 5,0.024139996354261607,0.0257545376422489,0.10872112705398297,0.302127548761751,0.5392567901877555
5,True 1,0.6990529638723255,0.2283409330059628,0.049456331111890565,0.012276394247632409,0.010873377762188706
,True 2,0.41154970760233917,0.36257309941520466,0.18421052631578946,0.03216374269005848,0.009502923976608187
,True 3,0.17635327635327636,0.2931623931623932,0.32222222222222224,0.15498575498575498,0.05327635327635328
,True 4,0.0472630173564753,0.08660436137071652,0.23355585224744102,0.37659101023587005,0.2559857587894971
,True 5,0.02734303794172027,0.024764980078643785,0.10051821567146689,0.30376813103825423,0.5436056352699149
6,True 1,0.7001052262364083,0.23254998246229394,0.04805331462644686,0.010873377762188706,0.008418098912662224
,True 2,0.40423976608187134,0.39985380116959063,0.15058479532163743,0.035818713450292396,0.009502923976608187
,True 3,0.18632478632478633,0.28774928774928776,0.3247863247863248,0.14586894586894586,0.05527065527065527
,True 4,0.04931019136626613,0.09194481530930129,0.2262572318647085,0.37570093457943926,0.2567868268802848
,True 5,0.025650373688185204,0.024192078331293457,0.10307023254602744,0.3095752714773053,0.5375120439571887
7,True 1,0.7011574886004911,0.21781830936513505,0.058926692388635564,0.011224131883549631,0.010873377762188706
,True 2,0.39985380116959063,0.3823099415204678,0.17543859649122806,0.024853801169590642,0.017543859649122806
,True 3,0.16695156695156696,0.28974358974358977,0.33304843304843307,0.156980056980057,0.05327635327635328
,True 4,0.050912327547841564,0.09230084557187361,0.2337338673787272,0.37365376056964844,0.2493991989319092
,True 5,0.028723210333064242,0.02518163589489857,0.10012760084372803,0.30230983568136244,0.5436577172469467
8,True 1,0.6958961767800772,0.2279901788846019,0.05682216766047001,0.01052262364082778,0.008768853034023149
,True 2,0.4250182882223848,0.37527432333577176,0.1645940014630578,0.023408924652523776,0.011704462326261888
,True 3,0.17658786670464255,0.28852178866419825,0.3244090002848191,0.15437197379663914,0.05610937054970094
,True 4,0.0477080551846907,0.09443702714730752,0.22696929238985314,0.3799732977303071,0.25091232754784154
,True 5,0.019921875,0.02861979166666667,0.101328125,0.310625,0.5395052083333334
9,True 1,0.6963534361851332,0.21598877980364656,0.06661991584852735,0.010518934081346423,0.010518934081346423
,True 2,0.4162399414776884,0.3833211411850768,0.15947329919531822,0.03218727139722019,0.008778346744696415
,True 3,0.1789173789173789,0.29116809116809117,0.32222222222222224,0.15071225071225072,0.05698005698005698
,True 4,0.049221183800623056,0.08767245215843347,0.22750333778371162,0.3837116154873164,0.25189141076991545
,True 5,0.027161458333333333,0.02515625,0.09966145833333333,0.3115104166666667,0.5365104166666667
10,True 1,0.7107293127629734,0.20862552594670405,0.05925666199158485,0.016129032258064516,0.005259467040673212
,True 2,0.4250182882223848,0.38039502560351135,0.1572787125091441,0.027066569129480616,0.010241404535479151
,True 3,0.18888888888888888,0.2937321937321937,0.3188034188034188,0.14786324786324787,0.05071225071225071
,True 4,0.049577214063195374,0.09345794392523364,0.23604806408544726,0.3591455273698264,0.2617712505562973
,True 5,0.02703125,0.02734375,0.094453125,0.3040364583333333,0.5471354166666667
,,Predicted 1,Predicted 2,Predicted 3,Predicted 4,Predicted 5
AVG,True 1,1990.8181818181818,633.5454545454545,165.27272727272728,35.63636363636363,26.0
,True 2,559.7272727272727,524.1818181818181,226.8181818181818,40.54545454545455,16.363636363636363
,True 3,631.1818181818181,1031.3636363636363,1121.8181818181818,534.7272727272727,191.0
,True 4,552.3636363636364,1018.9090909090909,2594.090909090909,4201.0,2868.6363636363635
,True 5,988.0,999.6363636363636,3876.818181818182,11742.0,20794.272727272728
0,True 1,1979.0,623.0,181.0,38.0,31.0
,True 2,569.0,505.0,225.0,49.0,19.0
,True 3,680.0,1072.0,1028.0,527.0,203.0
,True 4,588.0,990.0,2603.0,4075.0,2979.0
,True 5,981.0,979.0,4004.0,11315.0,21122.0
1,True 1,1994.0,640.0,157.0,30.0,30.0
,True 2,532.0,538.0,235.0,45.0,18.0
,True 3,664.0,1041.0,1104.0,512.0,189.0
,True 4,539.0,1048.0,2532.0,4225.0,2891.0
,True 5,1103.0,1039.0,3778.0,11832.0,20649.0
2,True 1,1968.0,642.0,187.0,36.0,18.0
,True 2,536.0,554.0,223.0,39.0,16.0
,True 3,593.0,1014.0,1140.0,567.0,196.0
,True 4,536.0,1019.0,2548.0,4242.0,2890.0
,True 5,951.0,994.0,3719.0,11952.0,20785.0
3,True 1,1998.0,616.0,173.0,39.0,25.0
,True 2,565.0,515.0,230.0,37.0,21.0
,True 3,635.0,1031.0,1124.0,532.0,188.0
,True 4,543.0,991.0,2626.0,4181.0,2894.0
,True 5,922.0,1033.0,3961.0,11734.0,20751.0
4,True 1,1975.0,652.0,153.0,45.0,26.0
,True 2,561.0,531.0,226.0,36.0,14.0
,True 3,601.0,1065.0,1115.0,547.0,182.0
,True 4,567.0,1021.0,2676.0,4223.0,2748.0
,True 5,927.0,989.0,4175.0,11602.0,20708.0
5,True 1,1993.0,651.0,141.0,35.0,31.0
,True 2,563.0,496.0,252.0,44.0,13.0
,True 3,619.0,1029.0,1131.0,544.0,187.0
,True 4,531.0,973.0,2624.0,4231.0,2876.0
,True 5,1050.0,951.0,3860.0,11665.0,20875.0
6,True 1,1996.0,663.0,137.0,31.0,24.0
,True 2,553.0,547.0,206.0,49.0,13.0
,True 3,654.0,1010.0,1140.0,512.0,194.0
,True 4,554.0,1033.0,2542.0,4221.0,2885.0
,True 5,985.0,929.0,3958.0,11888.0,20641.0
7,True 1,1999.0,621.0,168.0,32.0,31.0
,True 2,547.0,523.0,240.0,34.0,24.0
,True 3,586.0,1017.0,1169.0,551.0,187.0
,True 4,572.0,1037.0,2626.0,4198.0,2802.0
,True 5,1103.0,967.0,3845.0,11609.0,20877.0
8,True 1,1984.0,650.0,162.0,30.0,25.0
,True 2,581.0,513.0,225.0,32.0,16.0
,True 3,620.0,1013.0,1139.0,542.0,197.0
,True 4,536.0,1061.0,2550.0,4269.0,2819.0
,True 5,765.0,1099.0,3891.0,11928.0,20717.0
9,True 1,1986.0,616.0,190.0,30.0,30.0
,True 2,569.0,524.0,218.0,44.0,12.0
,True 3,628.0,1022.0,1131.0,529.0,200.0
,True 4,553.0,985.0,2556.0,4311.0,2830.0
,True 5,1043.0,966.0,3827.0,11962.0,20602.0
10,True 1,2027.0,595.0,169.0,46.0,15.0
,True 2,581.0,520.0,215.0,37.0,14.0
,True 3,663.0,1031.0,1119.0,519.0,178.0
,True 4,557.0,1050.0,2652.0,4035.0,2941.0
,True 5,1038.0,1050.0,3627.0,11675.0,21010.0
