,Rounded RMSE,Rounded MSE,Rounded MAE,Accuracy,Log Loss
0,0.9283397521229727,0.8618146953717424,0.5027455765710799,0.6262878061535779,1.0049363669077733
1,0.9225285947362217,0.851059008105988,0.5034951625555653,0.6217379935500741,1.0179451892878686
2,0.9137664131427953,0.8349690577878497,0.4953194456550161,0.6274209012464046,1.011315955308475
3,0.9301781619036321,0.8652314128824196,0.5055695981870478,0.6221389348906128,1.0429668425024454
4,0.9311708916709848,0.8670792294953369,0.5038263749673145,0.6241262093611087,1.0177428173565073
5,0.9114264429450701,0.8306981608995032,0.49101368430227493,0.6313431534908045,1.0332456361461066
6,0.9230480923965129,0.8520177808768413,0.501385862459688,0.6247537697202127,1.0113553183657702
7,0.9214792620195443,0.8491240303320841,0.4982829251285627,0.627281443388826,1.0290410554321063
8,0.9163271976139056,0.8396555330869535,0.4985705320410013,0.6244683076493969,1.0068886852287866
9,0.921676452687759,0.8494874834390908,0.5007321665155847,0.6227250540408619,1.0258570009686687
10,0.9393801023230168,0.8824349766404016,0.5084024823931386,0.6237361411338121,1.0156555934266644
AVG,0.9235746694147651,0.8530519426289284,0.5008494373432977,0.6250927013296084,1.0197227691755613
,,,,,
,,Predicted 1,Predicted 2,Predicted 3,Predicted 4,Predicted 5
AVG,True 1,0.7445799700389881,0.17759212684678663,0.05563690226732598,0.006759328872260876,0.015431671974638371
,True 2,0.3862036994905743,0.386333301832089,0.18625100969266065,0.021935366446974656,0.01927662253770135
,True 3,0.1273213479137717,0.2781071012913793,0.36569910041855364,0.14793702347105936,0.08093542690523607
,True 4,0.028789901687097944,0.06557430108831978,0.1906056560262168,0.3557875146660193,0.3592426265323461
,True 5,0.015184374205947128,0.01632781705791279,0.04413504610044088,0.19712697677242463,0.7272257858632746
0,True 1,0.7307152875175316,0.18618513323983168,0.0620617110799439,0.005610098176718092,0.015427769985974754
,True 2,0.3840526700804682,0.3760058522311631,0.19312362838332114,0.021945866861741038,0.02487198244330651
,True 3,0.1301994301994302,0.2951566951566952,0.36125356125356123,0.1301994301994302,0.08319088319088319
,True 4,0.02848242100578549,0.06559857587894971,0.19457053849577213,0.34908767245215844,0.3622607921673342
,True 5,0.01544230618994297,0.016041248925809225,0.047550845030077345,0.18819822400458322,0.7327673758495873
1,True 1,0.7481585408628552,0.1792353560154332,0.05050859347597334,0.00701508242721852,0.015082427218519818
,True 2,0.3713450292397661,0.391812865497076,0.19078947368421054,0.02412280701754386,0.021929824561403508
,True 3,0.12905982905982907,0.2849002849002849,0.3544159544159544,0.15242165242165243,0.07920227920227921
,True 4,0.027325322652425457,0.07093902981753449,0.18682688028482422,0.3567423230974633,0.35816644414775256
,True 5,0.01403609281008307,0.017759954167860213,0.043097835993854326,0.20259889065388922,0.7225072263743132
2,True 1,0.744300245527885,0.17432479831638023,0.06032970887407927,0.006664328305857594,0.014380918975797966
,True 2,0.37719298245614036,0.3823099415204678,0.19736842105263158,0.02266081871345029,0.02046783625730994
,True 3,0.12222222222222222,0.2729344729344729,0.37094017094017095,0.1433048433048433,0.0905982905982906
,True 4,0.029283489096573207,0.06764574988874054,0.18700489541611037,0.3488206497552292,0.3672452158433467
,True 5,0.013463191062732742,0.016952683523866564,0.041743704591026276,0.1954115778234942,0.7324288429988802
3,True 1,0.7516660820764643,0.1739740441950193,0.049456331111890565,0.006313574184496668,0.018589968432129077
,True 2,0.37719298245614036,0.39473684210526316,0.18640350877192982,0.02046783625730994,0.021198830409356724
,True 3,0.12792022792022792,0.28433048433048436,0.3578347578347578,0.15213675213675212,0.07777777777777778
,True 4,0.029283489096573207,0.06159323542501113,0.1829995549621718,0.37311971517578996,0.35300400534045395
,True 5,0.015598552121038514,0.017134970443478035,0.044764459258873464,0.20486445665477462,0.7176375615218353
4,True 1,0.7302700806734479,0.1887057172921782,0.055769905296387236,0.00701508242721852,0.01823921431076815
,True 2,0.3742690058479532,0.38377192982456143,0.19517543859649122,0.027777777777777776,0.019005847953216373
,True 3,0.12421652421652421,0.27350427350427353,0.3658119658119658,0.15954415954415954,0.07692307692307693
,True 4,0.02963951935914553,0.06568758344459279,0.1878059635068981,0.36484201157098356,0.35202492211838005
,True 5,0.01645790474206401,0.016874560558318794,0.041483294705867035,0.20090622640035416,0.724278013593396
5,True 1,0.7555243774114346,0.16555594528235706,0.05612065941774816,0.005962820063135742,0.01683619782532445
,True 2,0.3969298245614035,0.3823099415204678,0.18128654970760233,0.027046783625730993,0.012426900584795321
,True 3,0.1264957264957265,0.27321937321937323,0.36666666666666664,0.1452991452991453,0.08831908831908832
,True 4,0.02688028482421006,0.06684468179795283,0.1881619937694704,0.35166889185580774,0.36644414775255896
,True 5,0.014791281477044869,0.014062133798598995,0.04471237728184162,0.18942215046483166,0.7370120569776829
6,True 1,0.7474570326201333,0.17432479831638023,0.057523675903191865,0.0056120659417748155,0.015082427218519818
,True 2,0.3881578947368421,0.3961988304093567,0.17690058479532164,0.013888888888888888,0.024853801169590642
,True 3,0.13076923076923078,0.2846153846153846,0.36381766381766384,0.1339031339031339,0.0868945868945869
,True 4,0.027325322652425457,0.06408544726301736,0.19750778816199377,0.34463729417000444,0.36644414775255896
,True 5,0.015155855316267805,0.015338142235879274,0.04692586130569516,0.19298976589151323,0.7295903752506445
7,True 1,0.743949491406524,0.1767800771659067,0.057523675903191865,0.008768853034023149,0.012977902490354262
,True 2,0.36988304093567254,0.375,0.21564327485380116,0.021929824561403508,0.017543859649122806
,True 3,0.1188034188034188,0.25811965811965815,0.3962962962962963,0.15498575498575498,0.07179487179487179
,True 4,0.028126390743213173,0.064797507788162,0.20952380952380953,0.34321317311971516,0.3543391188251001
,True 5,0.015390224212911122,0.015911043983229605,0.04624879560428114,0.19062003593656415,0.731829900263014
8,True 1,0.7414942125569975,0.18730270080673447,0.05366538056822168,0.006313574184496668,0.011224131883549631
,True 2,0.4038039502560351,0.38917337234820776,0.17190929041697148,0.020482809070958303,0.014630577907827359
,True 3,0.1227570492737112,0.28481913984619767,0.3577328396468243,0.15152378239817715,0.08316718883508972
,True 4,0.02901646639964397,0.07040498442367601,0.18682688028482422,0.3580774365821095,0.3556742323097463
,True 5,0.014036458333333333,0.016875,0.04234375,0.20026041666666666,0.726484375
9,True 1,0.7433380084151473,0.1767180925666199,0.0546984572230014,0.008415147265077139,0.016830294530154277
,True 2,0.37673738112655447,0.41038771031455745,0.16825164594001463,0.025603511338697878,0.019019751280175568
,True 3,0.13760683760683762,0.2675213675213675,0.34586894586894584,0.17094017094017094,0.07806267806267807
,True 4,0.02901646639964397,0.062572318647085,0.17205162438807298,0.3821984868713841,0.354161103693814
,True 5,0.015,0.017526041666666665,0.038046875,0.212421875,0.7170052083333334
10,True 1,0.7535063113604488,0.17040673211781207,0.05434782608695652,0.006661991584852735,0.015077138849929873
,True 2,0.4286759326993416,0.36795903438185806,0.17190929041697148,0.015362106803218726,0.016093635698610095
,True 3,0.13048433048433047,0.28005698005698004,0.382051282051282,0.13304843304843306,0.07435897435897436
,True 4,0.032309746328437916,0.061148197596795725,0.20338228749443701,0.3412550066755674,0.3619047619047619
,True 5,0.01765625,0.015130208333333334,0.048567708333333334,0.190703125,0.7279427083333333
,,Predicted 1,Predicted 2,Predicted 3,Predicted 4,Predicted 5
AVG,True 1,2123.0,506.3636363636364,158.63636363636363,19.272727272727273,44.0
,True 2,528.1818181818181,528.3636363636364,254.72727272727272,30.0,26.363636363636363
,True 3,446.90909090909093,976.1818181818181,1283.6363636363637,519.2727272727273,284.09090909090907
,True 4,323.45454545454544,736.7272727272727,2141.4545454545455,3997.2727272727275,4036.090909090909
,True 5,583.0909090909091,627.0,1694.8181818181818,7569.818181818182,27926.0
0,True 1,2084.0,531.0,177.0,16.0,44.0
,True 2,525.0,514.0,264.0,30.0,34.0
,True 3,457.0,1036.0,1268.0,457.0,292.0
,True 4,320.0,737.0,2186.0,3922.0,4070.0
,True 5,593.0,616.0,1826.0,7227.0,28139.0
1,True 1,2133.0,511.0,144.0,20.0,43.0
,True 2,508.0,536.0,261.0,33.0,30.0
,True 3,453.0,1000.0,1244.0,535.0,278.0
,True 4,307.0,797.0,2099.0,4008.0,4024.0
,True 5,539.0,682.0,1655.0,7780.0,27745.0
2,True 1,2122.0,497.0,172.0,19.0,41.0
,True 2,516.0,523.0,270.0,31.0,28.0
,True 3,429.0,958.0,1302.0,503.0,318.0
,True 4,329.0,760.0,2101.0,3919.0,4126.0
,True 5,517.0,651.0,1603.0,7504.0,28126.0
3,True 1,2143.0,496.0,141.0,18.0,53.0
,True 2,516.0,540.0,255.0,28.0,29.0
,True 3,449.0,998.0,1256.0,534.0,273.0
,True 4,329.0,692.0,2056.0,4192.0,3966.0
,True 5,599.0,658.0,1719.0,7867.0,27558.0
4,True 1,2082.0,538.0,159.0,20.0,52.0
,True 2,512.0,525.0,267.0,38.0,26.0
,True 3,436.0,960.0,1284.0,560.0,270.0
,True 4,333.0,738.0,2110.0,4099.0,3955.0
,True 5,632.0,648.0,1593.0,7715.0,27813.0
5,True 1,2154.0,472.0,160.0,17.0,48.0
,True 2,543.0,523.0,248.0,37.0,17.0
,True 3,444.0,959.0,1287.0,510.0,310.0
,True 4,302.0,751.0,2114.0,3951.0,4117.0
,True 5,568.0,540.0,1717.0,7274.0,28302.0
6,True 1,2131.0,497.0,164.0,16.0,43.0
,True 2,531.0,542.0,242.0,19.0,34.0
,True 3,459.0,999.0,1277.0,470.0,305.0
,True 4,307.0,720.0,2219.0,3872.0,4117.0
,True 5,582.0,589.0,1802.0,7411.0,28017.0
7,True 1,2121.0,504.0,164.0,25.0,37.0
,True 2,506.0,513.0,295.0,30.0,24.0
,True 3,417.0,906.0,1391.0,544.0,252.0
,True 4,316.0,728.0,2354.0,3856.0,3981.0
,True 5,591.0,611.0,1776.0,7320.0,28103.0
8,True 1,2114.0,534.0,153.0,18.0,32.0
,True 2,552.0,532.0,235.0,28.0,20.0
,True 3,431.0,1000.0,1256.0,532.0,292.0
,True 4,326.0,791.0,2099.0,4023.0,3996.0
,True 5,539.0,648.0,1626.0,7690.0,27897.0
9,True 1,2120.0,504.0,156.0,24.0,48.0
,True 2,515.0,561.0,230.0,35.0,26.0
,True 3,483.0,939.0,1214.0,600.0,274.0
,True 4,326.0,703.0,1933.0,4294.0,3979.0
,True 5,576.0,673.0,1461.0,8157.0,27533.0
10,True 1,2149.0,486.0,155.0,19.0,43.0
,True 2,586.0,503.0,235.0,21.0,22.0
,True 3,458.0,983.0,1341.0,467.0,261.0
,True 4,363.0,687.0,2285.0,3834.0,4066.0
,True 5,678.0,581.0,1865.0,7323.0,27953.0
