,Rounded RMSE,Rounded MSE,Rounded MAE,Accuracy,Log Loss
0,1.0219076778327008,1.044295302013423,0.6155669833522183,0.5436938900026148,3.2529013364137875
1,1.0283186301386413,1.0574392050902117,0.6248409308811993,0.5340538655974898,3.0813311902163067
2,1.016322810129028,1.0329120543885644,0.613876056829077,0.5408350039222523,3.1293797038405633
3,1.034555069801431,1.0703041924518435,0.6228187919463087,0.5400156890089776,3.0915470240975167
4,1.037020653837551,1.075411836485662,0.6278567070513379,0.5364072169441297,3.056773078421327
5,1.0242250090537222,1.0490368691710974,0.6155321188878236,0.5426305238385776,3.2348208683488533
6,1.0284881378675004,1.0577878497341584,0.62686306981609,0.5331299572910311,3.076680661792481
7,1.0408630067554714,1.0833957988320404,0.624614311862634,0.540033121241175,3.0032445970540063
8,1.0368027320406732,1.0749599051670038,0.6275015689282477,0.5382644167073426,2.989529717455722
9,1.0378950500210025,1.0772261348580991,0.631406457011366,0.5327208702322014,3.2401240327555203
10,1.0318814389711444,1.0647793040931595,0.620737744927132,0.5421867373265463,2.969793578297762
AVG,1.030752746949897,1.0625044047532057,0.622874067408494,0.5385428447374853,3.102375071699441
,,,,,
,,Predicted 1,Predicted 2,Predicted 3,Predicted 4,Predicted 5
AVG,True 1,0.7187539033862239,0.20045301752970088,0.06035556933189859,0.00966085435081575,0.010776655401360791
,True 2,0.40023064938842867,0.3755619180290955,0.18286224389196706,0.027718810170779526,0.013626378519729304
,True 3,0.15430839295835022,0.290021098451745,0.3407059147588911,0.15376444077668802,0.06120015305432566
,True 4,0.03510134725087996,0.08284986041995389,0.20933770279564667,0.38794352065380105,0.2847675688797184
,True 5,0.017040398253517705,0.022243896618656552,0.07077046524544027,0.296833838037776,0.5931114018446094
0,True 1,0.7191444600280504,0.18828892005610098,0.07047685834502104,0.011220196353436185,0.010869565217391304
,True 2,0.4089246525237747,0.3496708119970739,0.19312362838332114,0.03584491587417703,0.012435991221653255
,True 3,0.16467236467236468,0.2937321937321937,0.3319088319088319,0.1472934472934473,0.062393162393162394
,True 4,0.03489096573208723,0.08081886960391634,0.21281708945260347,0.38175344904316866,0.2897196261682243
,True 5,0.015520429155490742,0.02184838936486029,0.07135230853363193,0.2869716934454832,0.6043071795005338
1,True 1,0.7116801122413189,0.21360925990880392,0.052963872325499824,0.011925640126271484,0.009821115398105928
,True 2,0.3757309941520468,0.38669590643274854,0.19517543859649122,0.02266081871345029,0.019736842105263157
,True 3,0.16182336182336182,0.2928774928774929,0.33076923076923076,0.15954415954415954,0.05498575498575498
,True 4,0.03382287494437027,0.0853582554517134,0.20053404539385847,0.394392523364486,0.2858923008455719
,True 5,0.01684851956980287,0.0215358975026692,0.06906070154423062,0.30699721361422877,0.5855576677690685
2,True 1,0.7134338828481235,0.19466853735531392,0.0729568572430726,0.008418098912662224,0.01052262364082778
,True 2,0.38377192982456143,0.40497076023391815,0.18055555555555555,0.01827485380116959,0.012426900584795321
,True 3,0.14245014245014245,0.2831908831908832,0.35498575498575496,0.1547008547008547,0.06467236467236467
,True 4,0.03355585224744103,0.08437917222963952,0.2043613707165109,0.3903871829105474,0.28731642189586115
,True 5,0.015025650373688186,0.02356709460691128,0.06510247128981016,0.3024400406239421,0.5938647431056483
3,True 1,0.7222027358821466,0.19922834093300595,0.05647141353910908,0.010873377762188706,0.011224131883549631
,True 2,0.37280701754385964,0.4027777777777778,0.179093567251462,0.025584795321637425,0.019736842105263157
,True 3,0.16296296296296298,0.28717948717948716,0.3398860398860399,0.147008547008547,0.06296296296296296
,True 4,0.039163328882955054,0.07467734757454383,0.20338228749443701,0.40026702269692926,0.28251001335113485
,True 5,0.01833285591521054,0.020520298950548164,0.07117002161402047,0.2994192859560949,0.590557537564126
4,True 1,0.7092248333917923,0.20975096457383374,0.05506839705366538,0.014380918975797966,0.011574886004910558
,True 2,0.39035087719298245,0.3881578947368421,0.18421052631578946,0.029970760233918127,0.007309941520467836
,True 3,0.15071225071225072,0.294017094017094,0.33931623931623933,0.15954415954415954,0.05641025641025641
,True 4,0.035068980863373386,0.08259902091677793,0.2135291499777481,0.39670672007120605,0.2720961281708945
,True 5,0.01710892945496211,0.023410848675815735,0.07322725970677847,0.29850785135803753,0.5877451108044062
5,True 1,0.7285163100666433,0.19642230796211854,0.05647141353910908,0.007716590669940372,0.010873377762188706
,True 2,0.4108187134502924,0.35964912280701755,0.18859649122807018,0.029239766081871343,0.011695906432748537
,True 3,0.149002849002849,0.2914529914529915,0.34131054131054134,0.14985754985754987,0.06837606837606838
,True 4,0.034445927903871826,0.08464619492656876,0.20516243880729862,0.38086337338673787,0.29488206497552294
,True 5,0.01697872451238249,0.023098356813624644,0.0647118564620713,0.2941329652873623,0.6010780969245593
6,True 1,0.725359522974395,0.20554191511750264,0.047351806383725006,0.011574886004910558,0.010171869519466853
,True 2,0.40131578947368424,0.3706140350877193,0.18055555555555555,0.03216374269005848,0.015350877192982455
,True 3,0.15840455840455842,0.29601139601139603,0.33418803418803417,0.14957264957264957,0.06182336182336182
,True 4,0.03515798842901647,0.08331108144192256,0.2070315976858033,0.38744993324432575,0.2870493991989319
,True 5,0.015780839040649985,0.021561938491185127,0.07372203848858103,0.30348168016457905,0.5854535038150048
7,True 1,0.7162399158190109,0.1981760785689232,0.06559102069449316,0.008418098912662224,0.011574886004910558
,True 2,0.3969298245614035,0.36257309941520466,0.1922514619883041,0.03435672514619883,0.013888888888888888
,True 3,0.13817663817663817,0.28034188034188035,0.360968660968661,0.1623931623931624,0.05811965811965812
,True 4,0.03400089007565643,0.08366711170449488,0.21958166444147753,0.38397863818424566,0.2787716955941255
,True 5,0.02018176609984115,0.022525455066274316,0.06713366839405224,0.29486211296580817,0.5952969974740241
8,True 1,0.720799719396703,0.19466853735531392,0.06804629954401964,0.00701508242721852,0.009470361276745002
,True 2,0.4301389904901244,0.36649597659107536,0.1623994147768837,0.024140453547915143,0.016825164594001463
,True 3,0.15294787809740815,0.2853887781258901,0.3446311592138992,0.15494161207633153,0.06209057248647109
,True 4,0.03711615487316422,0.0844681797952826,0.21593235425011126,0.38353360035603024,0.27894971072541164
,True 5,0.016380208333333333,0.023359375,0.07541666666666667,0.29104166666666664,0.5938020833333333
9,True 1,0.708625525946704,0.21072931276297335,0.06030855539971949,0.006311360448807854,0.014025245441795231
,True 2,0.4038039502560351,0.37527432333577176,0.17629846378931968,0.03438185808339429,0.010241404535479151
,True 3,0.15783475783475784,0.28974358974358977,0.32763532763532766,0.15925925925925927,0.06552706552706553
,True 4,0.03435692033822875,0.08304405874499332,0.20071206052514465,0.3986648865153538,0.28322207387627946
,True 5,0.017291666666666667,0.021927083333333333,0.074140625,0.30341145833333333,0.5832291666666667
10,True 1,0.7310659186535764,0.19389901823281908,0.05820476858345021,0.008415147265077139,0.008415147265077139
,True 2,0.42794440380395027,0.36430138990490124,0.17922457937088515,0.018288222384784197,0.010241404535479151
,True 3,0.15840455840455842,0.2962962962962963,0.3421652421652422,0.1472934472934473,0.05584045584045584
,True 4,0.03453493546951491,0.08437917222963952,0.2196706720071206,0.3693813974187806,0.2920338228749444
,True 5,0.017994791666666666,0.021328125,0.0734375,0.28390625,0.6033333333333334
,,Predicted 1,Predicted 2,Predicted 3,Predicted 4,Predicted 5
AVG,True 1,2049.3636363636365,571.5454545454545,172.0909090909091,27.545454545454547,30.727272727272727
,True 2,547.3636363636364,513.6363636363636,250.0909090909091,37.90909090909091,18.636363636363637
,True 3,541.6363636363636,1018.0,1195.909090909091,539.7272727272727,214.8181818181818
,True 4,394.3636363636364,930.8181818181819,2351.909090909091,4358.545454545455,3199.3636363636365
,True 5,654.3636363636364,854.1818181818181,2717.6363636363635,11398.636363636364,22775.909090909092
0,True 1,2051.0,537.0,201.0,32.0,31.0
,True 2,559.0,478.0,264.0,49.0,17.0
,True 3,578.0,1031.0,1165.0,517.0,219.0
,True 4,392.0,908.0,2391.0,4289.0,3255.0
,True 5,596.0,839.0,2740.0,11020.0,23206.0
1,True 1,2029.0,609.0,151.0,34.0,28.0
,True 2,514.0,529.0,267.0,31.0,27.0
,True 3,568.0,1028.0,1161.0,560.0,193.0
,True 4,380.0,959.0,2253.0,4431.0,3212.0
,True 5,647.0,827.0,2652.0,11789.0,22486.0
2,True 1,2034.0,555.0,208.0,24.0,30.0
,True 2,525.0,554.0,247.0,25.0,17.0
,True 3,500.0,994.0,1246.0,543.0,227.0
,True 4,377.0,948.0,2296.0,4386.0,3228.0
,True 5,577.0,905.0,2500.0,11614.0,22805.0
3,True 1,2059.0,568.0,161.0,31.0,32.0
,True 2,510.0,551.0,245.0,35.0,27.0
,True 3,572.0,1008.0,1193.0,516.0,221.0
,True 4,440.0,839.0,2285.0,4497.0,3174.0
,True 5,704.0,788.0,2733.0,11498.0,22678.0
4,True 1,2022.0,598.0,157.0,41.0,33.0
,True 2,534.0,531.0,252.0,41.0,10.0
,True 3,529.0,1032.0,1191.0,560.0,198.0
,True 4,394.0,928.0,2399.0,4457.0,3057.0
,True 5,657.0,899.0,2812.0,11463.0,22570.0
5,True 1,2077.0,560.0,161.0,22.0,31.0
,True 2,562.0,492.0,258.0,40.0,16.0
,True 3,523.0,1023.0,1198.0,526.0,240.0
,True 4,387.0,951.0,2305.0,4279.0,3313.0
,True 5,652.0,887.0,2485.0,11295.0,23082.0
6,True 1,2068.0,586.0,135.0,33.0,29.0
,True 2,549.0,507.0,247.0,44.0,21.0
,True 3,556.0,1039.0,1173.0,525.0,217.0
,True 4,395.0,936.0,2326.0,4353.0,3225.0
,True 5,606.0,828.0,2831.0,11654.0,22482.0
7,True 1,2042.0,565.0,187.0,24.0,33.0
,True 2,543.0,496.0,263.0,47.0,19.0
,True 3,485.0,984.0,1267.0,570.0,204.0
,True 4,382.0,940.0,2467.0,4314.0,3132.0
,True 5,775.0,865.0,2578.0,11323.0,22860.0
8,True 1,2055.0,555.0,194.0,20.0,27.0
,True 2,588.0,501.0,222.0,33.0,23.0
,True 3,537.0,1002.0,1210.0,544.0,218.0
,True 4,417.0,949.0,2426.0,4309.0,3134.0
,True 5,629.0,897.0,2896.0,11176.0,22802.0
9,True 1,2021.0,601.0,172.0,18.0,40.0
,True 2,552.0,513.0,241.0,47.0,14.0
,True 3,554.0,1017.0,1150.0,559.0,230.0
,True 4,386.0,933.0,2255.0,4479.0,3182.0
,True 5,664.0,842.0,2847.0,11651.0,22396.0
10,True 1,2085.0,553.0,166.0,24.0,24.0
,True 2,585.0,498.0,245.0,25.0,14.0
,True 3,556.0,1040.0,1201.0,517.0,196.0
,True 4,388.0,948.0,2468.0,4150.0,3281.0
,True 5,691.0,819.0,2820.0,10902.0,23168.0
