,Rounded RMSE,Rounded MSE,Rounded MAE,Accuracy,Log Loss
0,0.961681971737591,0.9248322147651007,0.5550945698596705,0.5806502222609605,1.8935757466540222
1,0.962379601116054,0.9261744966442953,0.5626775908655103,0.5713588424997821,1.7170009844600382
2,0.9480261575494058,0.8987535953978907,0.5489584241262093,0.5802841453848165,1.907627338764113
3,0.9594861200524717,0.9206136145733461,0.5546413318225398,0.5796217205613179,1.803760591907513
4,0.9624611092060142,0.9263313867340713,0.5580580493332171,0.5766059443911793,1.8945051336576495
5,0.9491104249755009,0.900810598797176,0.5502832737732066,0.5786978122548593,1.8096895908590296
6,0.960493931447383,0.9225485923472501,0.5593654667480171,0.575804061710102,1.8465973818586634
7,0.9557908392013542,0.913536128301229,0.5541183648566199,0.5775995816264272,1.8902024045624182
8,0.956400857869954,0.9147026009343839,0.5531866675964019,0.5804685865699742,1.8006522360038915
9,0.9577396220993106,0.9172651837389303,0.5562722264835088,0.5758140994351858,1.9852211207993087
10,0.9643784527629214,0.9300258001534063,0.5544243776584618,0.5817760267763754,1.7262684524660277
AVG,0.9579953716379964,0.9177812920351891,0.5551891221021239,0.5780619130428164,1.8431909983629706
,,,,,
,,Predicted 1,Predicted 2,Predicted 3,Predicted 4,Predicted 5
AVG,True 1,0.7204120361390786,0.19863545108531858,0.05949499635359719,0.008767992136810832,0.012689524285194808
,True 2,0.3760337074981129,0.3939766801344208,0.1881130346315346,0.025391801587273808,0.016484776148657867
,True 3,0.13195751156446114,0.29043518166275223,0.3498485132492538,0.1582451157501001,0.06951367777343283
,True 4,0.029105473965287055,0.0747258971558037,0.19518549985839703,0.383517417162277,0.3174657118582352
,True 5,0.013354390715342007,0.0191284258079414,0.05280203009233504,0.26288799106251576,0.6518271623218659
0,True 1,0.7124824684431977,0.19740532959326787,0.06521739130434782,0.010518934081346423,0.014375876577840112
,True 2,0.37673738112655447,0.3840526700804682,0.1894659839063643,0.02852962692026335,0.02121433796634967
,True 3,0.1358974358974359,0.29943019943019944,0.3547008547008547,0.14358974358974358,0.06638176638176638
,True 4,0.027770360480640854,0.07681352914997774,0.19243435692033822,0.38104138851802405,0.32194036493101913
,True 5,0.013280904143121273,0.020676544881643708,0.05223822296294367,0.2568943517095909,0.6569099763027004
1,True 1,0.7183444405471764,0.20484040687478078,0.053314626446860754,0.011224131883549631,0.012276394247632409
,True 2,0.3611111111111111,0.3991228070175439,0.19517543859649122,0.025584795321637425,0.019005847953216373
,True 3,0.13760683760683762,0.3074074074074074,0.3245014245014245,0.16011396011396012,0.07037037037037037
,True 4,0.02874944370271473,0.08055184690698709,0.1846906987093903,0.3862928348909657,0.31971517578994213
,True 5,0.012734043384286867,0.020416134996484467,0.05117054243379079,0.2723887398765657,0.6432905393088721
2,True 1,0.7162399158190109,0.19922834093300595,0.06453875833041038,0.007716590669940372,0.012276394247632409
,True 2,0.36257309941520466,0.41228070175438597,0.18567251461988304,0.02631578947368421,0.013157894736842105
,True 3,0.12564102564102564,0.2811965811965812,0.3626780626780627,0.15527065527065528,0.07521367521367521
,True 4,0.029995549621717847,0.07610146862483311,0.18700489541611037,0.38308856252781487,0.3238095238095238
,True 5,0.012161141636936539,0.01916616754772011,0.04952996015728757,0.26538371396578214,0.6537590166922737
3,True 1,0.7309715889161698,0.18695194668537354,0.058926692388635564,0.008418098912662224,0.014731673097158891
,True 2,0.36257309941520466,0.4100877192982456,0.1827485380116959,0.02266081871345029,0.021929824561403508
,True 3,0.13504273504273503,0.2846153846153846,0.35498575498575496,0.15783475783475784,0.06752136752136752
,True 4,0.028037383177570093,0.072630173564753,0.18985313751668892,0.3965287049399199,0.31295060080106807
,True 5,0.013098617223509804,0.020598421916095934,0.05262883779068253,0.26514934506913884,0.648524778000573
4,True 1,0.6965976850227991,0.21431076815152578,0.06243423360224483,0.011925640126271484,0.014731673097158891
,True 2,0.3757309941520468,0.3823099415204678,0.19956140350877194,0.027777777777777776,0.014619883040935672
,True 3,0.12962962962962962,0.2846153846153846,0.35128205128205126,0.16552706552706553,0.06894586894586895
,True 4,0.030351579884290165,0.07271918113039609,0.19679572763684913,0.3940364931019137,0.30609701824655094
,True 5,0.013723600947891983,0.01916616754772011,0.05275904273326215,0.26572224681648915,0.6486289419546366
5,True 1,0.7323746054016135,0.194317783233953,0.05506839705366538,0.00701508242721852,0.011224131883549631
,True 2,0.3888888888888889,0.37646198830409355,0.19371345029239767,0.027046783625730993,0.013888888888888888
,True 3,0.1336182336182336,0.2923076923076923,0.34444444444444444,0.15726495726495726,0.07236467236467237
,True 4,0.02866043613707165,0.07494437027147308,0.19421450823319983,0.3790832220738763,0.32309746328437916
,True 5,0.013280904143121273,0.017395380328637276,0.05093617353714747,0.26408166453998594,0.654305877451108
6,True 1,0.7327253595229744,0.19466853735531392,0.05471764293230445,0.008418098912662224,0.009470361276745002
,True 2,0.3676900584795322,0.4057017543859649,0.1834795321637427,0.024853801169590642,0.01827485380116959
,True 3,0.13304843304843306,0.2945868945868946,0.3452991452991453,0.16011396011396012,0.06695156695156695
,True 4,0.029995549621717847,0.07182910547396529,0.19982198486871383,0.37783711615487314,0.32051624388072986
,True 5,0.013124658212025728,0.01781203614489206,0.06046717533397568,0.2593942866071196,0.649201843701987
7,True 1,0.7243072606103121,0.19256401262714837,0.061381971238162046,0.010171869519466853,0.011574886004910558
,True 2,0.36257309941520466,0.38669590643274854,0.20394736842105263,0.029239766081871343,0.017543859649122806
,True 3,0.12393162393162394,0.2737891737891738,0.36866096866096865,0.1683760683760684,0.06524216524216524
,True 4,0.027859368046283934,0.07583444592790387,0.20907877169559413,0.37454383622607923,0.3126835781041388
,True 5,0.013957969844535298,0.017707872190828363,0.05275904273326215,0.26356084476966746,0.6520142704617067
8,True 1,0.7148368993335672,0.20448965275341985,0.06664328305857593,0.004559803577692038,0.009470361276745002
,True 2,0.39575713240673005,0.3847841989758595,0.18580833942940747,0.02267739575713241,0.010972933430870519
,True 3,0.1204784961549416,0.2976360011392766,0.34890344631159215,0.15608088863571631,0.07690116775847337
,True 4,0.02883845126835781,0.07387627948375612,0.20809968847352026,0.37694704049844235,0.31223854027592346
,True 5,0.012838541666666667,0.020572916666666666,0.054140625,0.25427083333333333,0.6581770833333334
9,True 1,0.7180925666199158,0.20126227208976158,0.05785413744740533,0.008415147265077139,0.014375876577840112
,True 2,0.373811265544989,0.40087783467446964,0.18361375274323335,0.027066569129480616,0.014630577907827359
,True 3,0.13931623931623932,0.2814814814814815,0.335042735042735,0.17407407407407408,0.07008547008547009
,True 4,0.02963951935914553,0.07494437027147308,0.18148642634623943,0.3995549621717846,0.31437472185135734
,True 5,0.013333333333333334,0.019296875,0.04955729166666667,0.27276041666666667,0.6450520833333333
10,True 1,0.7275596072931276,0.1949509116409537,0.05434782608695652,0.008064516129032258,0.015077138849929873
,True 2,0.4089246525237747,0.3913679590343819,0.16605705925384054,0.01755669348939283,0.016093635698610095
,True 3,0.13732193732193732,0.29772079772079774,0.3578347578347578,0.14245014245014245,0.06467236467236467
,True 4,0.030262572318647086,0.07174009790832221,0.2035603026257232,0.3697374276813529,0.3246995994659546
,True 5,0.015364583333333333,0.017604166666666667,0.054635416666666665,0.2521614583333333,0.660234375
,,Predicted 1,Predicted 2,Predicted 3,Predicted 4,Predicted 5
AVG,True 1,2054.090909090909,566.3636363636364,169.63636363636363,25.0,36.18181818181818
,True 2,514.2727272727273,538.8181818181819,257.27272727272725,34.72727272727273,22.545454545454547
,True 3,463.1818181818182,1019.4545454545455,1228.0,555.4545454545455,244.0
,True 4,327.0,839.5454545454545,2192.909090909091,4308.818181818182,3566.7272727272725
,True 5,512.8181818181819,734.5454545454545,2027.6363636363637,10095.09090909091,25030.636363636364
0,True 1,2032.0,563.0,186.0,30.0,41.0
,True 2,515.0,525.0,259.0,39.0,29.0
,True 3,477.0,1051.0,1245.0,504.0,233.0
,True 4,312.0,863.0,2162.0,4281.0,3617.0
,True 5,510.0,794.0,2006.0,9865.0,25226.0
1,True 1,2048.0,584.0,152.0,32.0,35.0
,True 2,494.0,546.0,267.0,35.0,26.0
,True 3,483.0,1079.0,1139.0,562.0,247.0
,True 4,323.0,905.0,2075.0,4340.0,3592.0
,True 5,489.0,784.0,1965.0,10460.0,24703.0
2,True 1,2042.0,568.0,184.0,22.0,35.0
,True 2,496.0,564.0,254.0,36.0,18.0
,True 3,441.0,987.0,1273.0,545.0,264.0
,True 4,337.0,855.0,2101.0,4304.0,3638.0
,True 5,467.0,736.0,1902.0,10191.0,25105.0
3,True 1,2084.0,533.0,168.0,24.0,42.0
,True 2,496.0,561.0,250.0,31.0,30.0
,True 3,474.0,999.0,1246.0,554.0,237.0
,True 4,315.0,816.0,2133.0,4455.0,3516.0
,True 5,503.0,791.0,2021.0,10182.0,24904.0
4,True 1,1986.0,611.0,178.0,34.0,42.0
,True 2,514.0,523.0,273.0,38.0,20.0
,True 3,455.0,999.0,1233.0,581.0,242.0
,True 4,341.0,817.0,2211.0,4427.0,3439.0
,True 5,527.0,736.0,2026.0,10204.0,24908.0
5,True 1,2088.0,554.0,157.0,20.0,32.0
,True 2,532.0,515.0,265.0,37.0,19.0
,True 3,469.0,1026.0,1209.0,552.0,254.0
,True 4,322.0,842.0,2182.0,4259.0,3630.0
,True 5,510.0,668.0,1956.0,10141.0,25126.0
6,True 1,2089.0,555.0,156.0,24.0,27.0
,True 2,503.0,555.0,251.0,34.0,25.0
,True 3,467.0,1034.0,1212.0,562.0,235.0
,True 4,337.0,807.0,2245.0,4245.0,3601.0
,True 5,504.0,684.0,2322.0,9961.0,24930.0
7,True 1,2065.0,549.0,175.0,29.0,33.0
,True 2,496.0,529.0,279.0,40.0,24.0
,True 3,435.0,961.0,1294.0,591.0,229.0
,True 4,313.0,852.0,2349.0,4208.0,3513.0
,True 5,536.0,680.0,2026.0,10121.0,25038.0
8,True 1,2038.0,583.0,190.0,13.0,27.0
,True 2,541.0,526.0,254.0,31.0,15.0
,True 3,423.0,1045.0,1225.0,548.0,270.0
,True 4,324.0,830.0,2338.0,4235.0,3508.0
,True 5,493.0,790.0,2079.0,9764.0,25274.0
9,True 1,2048.0,574.0,165.0,24.0,41.0
,True 2,511.0,548.0,251.0,37.0,20.0
,True 3,489.0,988.0,1176.0,611.0,246.0
,True 4,333.0,842.0,2039.0,4489.0,3532.0
,True 5,512.0,741.0,1903.0,10474.0,24770.0
10,True 1,2075.0,556.0,155.0,23.0,43.0
,True 2,559.0,535.0,227.0,24.0,22.0
,True 3,482.0,1045.0,1256.0,500.0,227.0
,True 4,340.0,806.0,2287.0,4154.0,3648.0
,True 5,590.0,676.0,2098.0,9683.0,25353.0
