,Rounded RMSE,Rounded MSE,Rounded MAE,Accuracy,Log Loss
0,0.8994996526997705,0.8090996252070077,0.5069293122984398,0.6067811383247624,1.245706610232904
1,0.8992670635769286,0.8086812516342717,0.5137278828553996,0.5991981173189227,1.3001975800175847
2,0.8973459030157768,0.8052296696591998,0.5069641767628345,0.6051773729626079,1.2591004453098262
3,0.9019092254900953,0.8134402510241436,0.5069118800662424,0.6069380284145385,1.2628192897749895
4,0.9057281131632646,0.8203434149742874,0.5145471977686743,0.60026148348296,1.2577596031926424
5,0.8968601106356182,0.8043580580493332,0.5081844330166477,0.6036956332258345,1.2511429171640063
6,0.8910686349121023,0.7940033121241175,0.5016647781748453,0.6085766582410878,1.256248085301637
7,0.8939203118431411,0.7990935239257387,0.5057787849734159,0.6037479299224265,1.27759696778104
8,0.8980528099463965,0.8064988494526184,0.5065546335680915,0.6063559026567185,1.2655908342985684
9,0.8985573667435244,0.8074053413290565,0.5071124747228227,0.6054494107802804,1.2519073575040196
10,0.9033462496137927,0.8160344466913046,0.5090474862282965,0.605187922739,1.2543241728361108
AVG,0.8986868583309465,0.807653431279189,0.5079475491305191,0.6046699634608308,1.262035805764848
,,,,,
,,Predicted 1,Predicted 2,Predicted 3,Predicted 4,Predicted 5
AVG,True 1,0.6920350527828378,0.219328278353605,0.06338483183189132,0.01135057196892738,0.013901265062738387
,True 2,0.3592157376327476,0.39557434740894487,0.20047498820647858,0.03044347335053068,0.014291453401298237
,True 3,0.11947368432700248,0.26479501911002906,0.37318383906250613,0.17754008178388697,0.06500737571657539
,True 4,0.024331431808067325,0.05725613949913016,0.19221588380466886,0.41348060039648826,0.3127159444916454
,True 5,0.010089772978805003,0.013787620042545452,0.050946002900611013,0.24245041454245195,0.6827261895355865
0,True 1,0.6868863955119214,0.22370266479663395,0.06521739130434782,0.011570827489481066,0.012622720897615708
,True 2,0.3694220921726408,0.387710314557425,0.19092904169714703,0.03218727139722019,0.019751280175566936
,True 3,0.12364672364672365,0.2760683760683761,0.3698005698005698,0.16296296296296298,0.06752136752136752
,True 4,0.02358700489541611,0.05518469069870939,0.1934134401424121,0.4081886960391633,0.31962616822429907
,True 5,0.01031223145230593,0.013619436993828286,0.05234238691700737,0.23533241321840578,0.6883935314184526
1,True 1,0.6857243072606103,0.2304454577341284,0.057172921781830935,0.011574886004910558,0.015082427218519818
,True 2,0.3362573099415205,0.3932748538011696,0.2222222222222222,0.03654970760233918,0.011695906432748537
,True 3,0.12706552706552707,0.25555555555555554,0.3809116809116809,0.1660968660968661,0.07037037037037037
,True 4,0.02376502002670227,0.05892300845571874,0.1939474855362706,0.4124610591900312,0.31090342679127725
,True 5,0.008879977083930107,0.013385068097184968,0.05463399390640869,0.24840498945339964,0.6746959714590766
2,True 1,0.6867765696246931,0.2188705717292178,0.06944931602946335,0.01052262364082778,0.014380918975797966
,True 2,0.34941520467836257,0.4093567251461988,0.19883040935672514,0.024853801169590642,0.017543859649122806
,True 3,0.11253561253561253,0.26353276353276356,0.3786324786324786,0.1811965811965812,0.0641025641025641
,True 4,0.024744103248776145,0.05696484201157098,0.1890520694259012,0.4098798397863818,0.3193591455273698
,True 5,0.010025780578630765,0.013332986120153122,0.05143095231895003,0.24126975860003647,0.6839405223822296
3,True 1,0.7022097509645738,0.2051911609961417,0.06839705366538057,0.008067344791301298,0.016134689582602595
,True 2,0.3611111111111111,0.37646198830409355,0.21710526315789475,0.029239766081871343,0.01608187134502924
,True 3,0.12421652421652421,0.26467236467236466,0.37635327635327637,0.17037037037037037,0.06438746438746439
,True 4,0.023141967067200713,0.05144637294170004,0.19261237205162438,0.4140631953716066,0.3187360925678683
,True 5,0.011301789015911045,0.013437150074216817,0.0514049113304341,0.2382750449207052,0.6855811046587329
4,True 1,0.6902841108383023,0.21641529287969133,0.06559102069449316,0.013328656611715188,0.014380918975797966
,True 2,0.3428362573099415,0.40058479532163743,0.20906432748538012,0.03508771929824561,0.012426900584795321
,True 3,0.11082621082621083,0.2723646723646724,0.37264957264957266,0.1849002849002849,0.05925925925925926
,True 4,0.02572318647085002,0.06061415220293725,0.19457053849577213,0.42162883845126836,0.29746328437917224
,True 5,0.010077862555662613,0.014504830603369705,0.051743444181141116,0.24991536678732323,0.6737584958725034
5,True 1,0.6909856190810242,0.2265871623991582,0.05822518414591372,0.010873377762188706,0.013328656611715188
,True 2,0.3757309941520468,0.3786549707602339,0.20175438596491227,0.03654970760233918,0.007309941520467836
,True 3,0.1150997150997151,0.26695156695156697,0.3712250712250712,0.17635327635327636,0.07037037037037037
,True 4,0.02412105028927459,0.06105919003115265,0.19270137961726747,0.4076546506453049,0.31446372941700046
,True 5,0.009687247727923752,0.013931928856019375,0.05054555870940861,0.24199890627848233,0.6838363584281659
6,True 1,0.6895826025955805,0.22237811294282708,0.06278498772360576,0.010873377762188706,0.014380918975797966
,True 2,0.3508771929824561,0.4108187134502924,0.195906432748538,0.023391812865497075,0.019005847953216373
,True 3,0.12706552706552707,0.25242165242165243,0.3732193732193732,0.1772079772079772,0.07008547008547009
,True 4,0.025990209167779263,0.05313751668891856,0.19243435692033822,0.412283044058745,0.316154873164219
,True 5,0.00934871487721674,0.013332986120153122,0.04952996015728757,0.2392385614957944,0.6885497773495481
7,True 1,0.6888810943528586,0.222728867064188,0.06278498772360576,0.01578393546124167,0.009821115398105928
,True 2,0.3567251461988304,0.3793859649122807,0.21271929824561403,0.035818713450292396,0.015350877192982455
,True 3,0.10797720797720797,0.2547008547008547,0.3803418803418803,0.19487179487179487,0.062108262108262105
,True 4,0.02403204272363151,0.05954606141522029,0.19207832665776592,0.4227859368046284,0.3015576323987539
,True 5,0.010260149475274082,0.013749641936407906,0.046743574386083696,0.25046222754615766,0.6787844066560766
8,True 1,0.6892318484742196,0.2241318835496317,0.06453875833041038,0.009119607155384075,0.012977902490354262
,True 2,0.3650329188002926,0.40307242136064375,0.19531821506949523,0.023408924652523776,0.013167520117044623
,True 3,0.12104813443463401,0.26431216177727146,0.37197379663913416,0.17744232412418115,0.06522358302477926
,True 4,0.024655095683133066,0.0577659101023587,0.19750778816199377,0.40676457498887403,0.31330663106364043
,True 5,0.010026041666666667,0.014036458333333333,0.051354166666666666,0.23731770833333332,0.687265625
9,True 1,0.6977559607293128,0.2135343618513324,0.06241234221598878,0.010869565217391304,0.015427769985974754
,True 2,0.35259692757863936,0.4067300658376006,0.19458668617410388,0.029992684711046085,0.016093635698610095
,True 3,0.11908831908831909,0.2658119658119658,0.3646723646723647,0.1891737891737892,0.06125356125356125
,True 4,0.021628838451268357,0.05874499332443257,0.18388963061860258,0.42064975522919446,0.315086782376502
,True 5,0.010182291666666666,0.014453125,0.05046875,0.24315104166666668,0.6817447916666667
10,True 1,0.7040673211781207,0.20862552594670405,0.060659186535764374,0.012272089761570827,0.014375876577840112
,True 2,0.3913679590343819,0.40526700804681787,0.1667885881492319,0.027798098024871983,0.008778346744696415
,True 3,0.12564102564102564,0.27635327635327633,0.36524216524216524,0.17236467236467237,0.0603988603988604
,True 4,0.0262572318647085,0.056430796617712504,0.19216733422340898,0.4119270137961727,0.3132176234979973
,True 5,0.010885416666666667,0.013880208333333333,0.050208333333333334,0.24158854166666666,0.6834375
,,Predicted 1,Predicted 2,Predicted 3,Predicted 4,Predicted 5
AVG,True 1,1973.1818181818182,625.3636363636364,180.72727272727272,32.36363636363637,39.63636363636363
,True 2,491.27272727272725,541.0,274.1818181818182,41.63636363636363,19.545454545454547
,True 3,419.3636363636364,929.4545454545455,1309.909090909091,623.1818181818181,228.1818181818182
,True 4,273.3636363636364,643.2727272727273,2159.5454545454545,4645.454545454545,3513.3636363636365
,True 5,387.45454545454544,529.4545454545455,1956.3636363636363,9310.272727272728,26217.18181818182
0,True 1,1959.0,638.0,186.0,33.0,36.0
,True 2,505.0,530.0,261.0,44.0,27.0
,True 3,434.0,969.0,1298.0,572.0,237.0
,True 4,265.0,620.0,2173.0,4586.0,3591.0
,True 5,396.0,523.0,2010.0,9037.0,26435.0
1,True 1,1955.0,657.0,163.0,33.0,43.0
,True 2,460.0,538.0,304.0,50.0,16.0
,True 3,446.0,897.0,1337.0,583.0,247.0
,True 4,267.0,662.0,2179.0,4634.0,3493.0
,True 5,341.0,514.0,2098.0,9539.0,25909.0
2,True 1,1958.0,624.0,198.0,30.0,41.0
,True 2,478.0,560.0,272.0,34.0,24.0
,True 3,395.0,925.0,1329.0,636.0,225.0
,True 4,278.0,640.0,2124.0,4605.0,3588.0
,True 5,385.0,512.0,1975.0,9265.0,26264.0
3,True 1,2002.0,585.0,195.0,23.0,46.0
,True 2,494.0,515.0,297.0,40.0,22.0
,True 3,436.0,929.0,1321.0,598.0,226.0
,True 4,260.0,578.0,2164.0,4652.0,3581.0
,True 5,434.0,516.0,1974.0,9150.0,26327.0
4,True 1,1968.0,617.0,187.0,38.0,41.0
,True 2,469.0,548.0,286.0,48.0,17.0
,True 3,389.0,956.0,1308.0,649.0,208.0
,True 4,289.0,681.0,2186.0,4737.0,3342.0
,True 5,387.0,557.0,1987.0,9597.0,25873.0
5,True 1,1970.0,646.0,166.0,31.0,38.0
,True 2,514.0,518.0,276.0,50.0,10.0
,True 3,404.0,937.0,1303.0,619.0,247.0
,True 4,271.0,686.0,2165.0,4580.0,3533.0
,True 5,372.0,535.0,1941.0,9293.0,26260.0
6,True 1,1966.0,634.0,179.0,31.0,41.0
,True 2,480.0,562.0,268.0,32.0,26.0
,True 3,446.0,886.0,1310.0,622.0,246.0
,True 4,292.0,597.0,2162.0,4632.0,3552.0
,True 5,359.0,512.0,1902.0,9187.0,26441.0
7,True 1,1964.0,635.0,179.0,45.0,28.0
,True 2,488.0,519.0,291.0,49.0,21.0
,True 3,379.0,894.0,1335.0,684.0,218.0
,True 4,270.0,669.0,2158.0,4750.0,3388.0
,True 5,394.0,528.0,1795.0,9618.0,26066.0
8,True 1,1965.0,639.0,184.0,26.0,37.0
,True 2,499.0,551.0,267.0,32.0,18.0
,True 3,425.0,928.0,1306.0,623.0,229.0
,True 4,277.0,649.0,2219.0,4570.0,3520.0
,True 5,385.0,539.0,1972.0,9113.0,26391.0
9,True 1,1990.0,609.0,178.0,31.0,44.0
,True 2,482.0,556.0,266.0,41.0,22.0
,True 3,418.0,933.0,1280.0,664.0,215.0
,True 4,243.0,660.0,2066.0,4726.0,3540.0
,True 5,391.0,555.0,1938.0,9337.0,26179.0
10,True 1,2008.0,595.0,173.0,35.0,41.0
,True 2,535.0,554.0,228.0,38.0,12.0
,True 3,441.0,970.0,1282.0,605.0,212.0
,True 4,295.0,634.0,2159.0,4628.0,3519.0
,True 5,418.0,533.0,1928.0,9277.0,26244.0
