,Rounded RMSE,Rounded MSE,Rounded MAE,Accuracy,Log Loss
0,0.7880834782728131,0.6210755687265754,0.3880763531770243,0.6977599581626427,3.9732372931859787
1,0.7936051392584598,0.6298091170574392,0.39276562363810685,0.6950753944042535,3.935976854737928
2,0.7909428025247367,0.6255905168656847,0.3912664516691362,0.6955286324413841,4.048846818865557
3,0.7949329639367816,0.6319184171533165,0.3911095615793602,0.6973067201255121,3.9019513776474444
4,0.7993176729338887,0.6389087422644469,0.39443911792905084,0.6952497167262268,4.0028231118221065
5,0.8028972204817809,0.6446439466573695,0.3958859932014294,0.6947267497603068,3.959585813341833
6,0.795437175290666,0.6327202998343938,0.39222522443998953,0.6965745663732241,3.9533345645962044
7,0.7994703205968372,0.6391527935152096,0.39360237078357885,0.6953543101194108,3.944467835961918
8,0.7967470122617399,0.6348058015480093,0.3939230179206471,0.6947388606094415,4.000190149525239
9,0.7923700017352718,0.6278502196499547,0.3912907049717593,0.6954710271250262,4.0030119891229825
10,0.7979167142685643,0.6366710829091417,0.392022871487344,0.6970050903005369,3.9433429706822336
AVG,0.7956109546874127,0.6330133187437764,0.39241884461794785,0.6958900932861787,3.9697062526808566
,,,,,
,,Predicted 1,Predicted 2,Predicted 3,Predicted 4,Predicted 5
AVG,True 1,0.7026525540047529,0.07894402839878531,0.10413215903673965,0.051683729351268554,0.06258752920845352
,True 2,0.4288778712314692,0.11878555314046016,0.232251722554152,0.1250318415355184,0.0950530115384002
,True 3,0.15371252269571836,0.07192269000870538,0.25469427457465055,0.2686282155664098,0.25104229715451587
,True 4,0.025391430998907637,0.012679532305700531,0.07801108548772101,0.25096087712910137,0.6329570740785694
,True 5,0.005691181840671763,0.0021188063506277057,0.014471786968635603,0.09127431860892984,0.8864439062311351
0,True 1,0.7023141654978962,0.08380084151472651,0.10238429172510519,0.04873772791023843,0.06276297335203367
,True 2,0.4198975859546452,0.13094367227505485,0.23847841989758595,0.11704462326261887,0.0936356986100951
,True 3,0.15840455840455842,0.07492877492877494,0.2695156695156695,0.25811965811965815,0.23903133903133902
,True 4,0.024833110814419225,0.012016021361815754,0.07894971072541165,0.24842011570983533,0.635781041388518
,True 5,0.005156115726152965,0.002135361058305773,0.014452748626337856,0.09004973828806541,0.888206036301138
1,True 1,0.6955454226587162,0.08383023500526131,0.11118905647141354,0.04840406874780779,0.06103121711680112
,True 2,0.41154970760233917,0.12719298245614036,0.2141812865497076,0.13961988304093567,0.1074561403508772
,True 3,0.16096866096866097,0.06723646723646724,0.24814814814814815,0.2743589743589744,0.2492877492877493
,True 4,0.024744103248776145,0.012995104583889631,0.07886070315976858,0.24663996439697375,0.636760124610592
,True 5,0.005312361657248509,0.001640582276503216,0.014556912580401551,0.09116950079425015,0.8873206426915966
2,True 1,0.6969484391441599,0.08207646439845669,0.10136794107330761,0.05857593826727464,0.06103121711680112
,True 2,0.4247076023391813,0.11038011695906433,0.24195906432748537,0.12792397660818713,0.09502923976608187
,True 3,0.14843304843304844,0.0680911680911681,0.2547008547008547,0.2797720797720798,0.249002849002849
,True 4,0.025278148642634623,0.012461059190031152,0.07663551401869159,0.24788607031597687,0.6377392078326658
,True 5,0.004817582875445952,0.0021874430353376216,0.014921486419624489,0.09054451706986798,0.887528970599724
3,True 1,0.7092248333917923,0.07927043142756927,0.10662925289372151,0.04665029814100315,0.05822518414591372
,True 2,0.4159356725146199,0.1023391812865497,0.23903508771929824,0.13669590643274854,0.10599415204678363
,True 3,0.15128205128205127,0.07094017094017094,0.2606837606837607,0.27321937321937323,0.2438746438746439
,True 4,0.024655095683133066,0.012194036493101914,0.07610146862483311,0.2519804183355585,0.6350689808633734
,True 5,0.0061456732897580794,0.0019270331501783807,0.01544230618994297,0.08866956589672144,0.8878154214733991
4,True 1,0.7004559803577692,0.0715538407576289,0.10452472816555594,0.05997895475271835,0.0634864959663276
,True 2,0.4269005847953216,0.10891812865497076,0.24853801169590642,0.12646198830409358,0.0891812865497076
,True 3,0.15242165242165243,0.07606837606837606,0.24415954415954416,0.2723646723646724,0.254985754985755
,True 4,0.027147307521139297,0.01317311971517579,0.08197596795727637,0.2528704939919893,0.6248331108144193
,True 5,0.005624853519439598,0.002031197104242077,0.014400666649306008,0.09153407463347309,0.8864092080935392
5,True 1,0.7025605050859347,0.08067344791301298,0.09365135040336724,0.05997895475271835,0.06313574184496668
,True 2,0.4305555555555556,0.1162280701754386,0.23757309941520469,0.12719298245614036,0.08845029239766082
,True 3,0.15014245014245015,0.07464387464387465,0.25071225071225073,0.2678062678062678,0.2566951566951567
,True 4,0.02688028482421006,0.01290609701824655,0.07903871829105474,0.24530485091232754,0.6358700489541611
,True 5,0.0062498372438217755,0.0021614020468216973,0.014843363454076717,0.08991953334548579,0.886825863909794
6,True 1,0.7099263416345142,0.07225534900035076,0.10277095755875132,0.053314626446860754,0.061732725359522976
,True 2,0.4093567251461988,0.12938596491228072,0.22880116959064328,0.1286549707602339,0.10380116959064327
,True 3,0.14814814814814814,0.07749287749287749,0.249002849002849,0.2621082621082621,0.26324786324786326
,True 4,0.027147307521139297,0.012550066755674232,0.07485536270583,0.2576769025367156,0.6277703604806408
,True 5,0.005260279680216661,0.0018489101846306086,0.01473919950001302,0.09304445196739668,0.885107158667743
7,True 1,0.7050157839354613,0.07541213609259909,0.10662925289372151,0.04559803577692038,0.0673447913012978
,True 2,0.4444444444444444,0.12719298245614036,0.22076023391812866,0.10964912280701754,0.097953216374269
,True 3,0.14586894586894586,0.06666666666666667,0.25413105413105413,0.28062678062678065,0.25270655270655273
,True 4,0.02634623943035158,0.011748998664886516,0.07930574098798397,0.25242545616377393,0.630173564753004
,True 5,0.006223796255305851,0.0022655660008853934,0.013827764901955678,0.09288820603630114,0.884794666805552
8,True 1,0.6962469309014381,0.08698702209750965,0.10733076113644335,0.049456331111890565,0.05997895475271835
,True 2,0.4403803950256035,0.11265544989027067,0.23555230431602048,0.12362838332114119,0.08778346744696415
,True 3,0.1594987183138707,0.06493876388493307,0.2540586727428083,0.26459698091711764,0.2569068641412703
,True 4,0.02572318647085002,0.01326212728081887,0.07716955941255006,0.24512683578104139,0.6387182910547397
,True 5,0.005859375,0.0022135416666666666,0.014114583333333333,0.090625,0.8871875
9,True 1,0.708976157082749,0.07924263674614306,0.10343618513323984,0.0438288920056101,0.06451612903225806
,True 2,0.42355523043160204,0.12728602779809803,0.2370153621068032,0.12289685442574981,0.08924652523774688
,True 3,0.15612535612535614,0.07179487179487179,0.25584045584045584,0.2618233618233618,0.25441595441595444
,True 4,0.022162883845126834,0.01290609701824655,0.07316421895861148,0.2593680462839341,0.632398753894081
,True 5,0.0057552083333333335,0.0025260416666666665,0.013723958333333333,0.09552083333333333,0.8824739583333333
10,True 1,0.7019635343618513,0.07328190743338009,0.10553997194950912,0.05399719495091164,0.06521739130434782
,True 2,0.4703730797366496,0.1141185076810534,0.21287490855888808,0.11558156547183614,0.08705193855157278
,True 3,0.15954415954415954,0.07834757834757834,0.2606837606837607,0.2601139601139601,0.2413105413105413
,True 4,0.024388072986203827,0.01326212728081887,0.08206497552291944,0.2528704939919893,0.6274143302180686
,True 5,0.006197916666666667,0.0023697916666666667,0.014166666666666666,0.09005208333333334,0.8872135416666667
,,Predicted 1,Predicted 2,Predicted 3,Predicted 4,Predicted 5
AVG,True 1,2003.4545454545455,225.0909090909091,296.90909090909093,147.36363636363637,178.45454545454547
,True 2,586.5454545454545,162.45454545454547,317.6363636363636,171.0,130.0
,True 3,539.5454545454545,252.45454545454547,894.0,942.9090909090909,881.1818181818181
,True 4,285.27272727272725,142.45454545454547,876.4545454545455,2819.5454545454545,7111.272727272727
,True 5,218.54545454545453,81.36363636363636,555.7272727272727,3505.0,34040.09090909091
0,True 1,2003.0,239.0,292.0,139.0,179.0
,True 2,574.0,179.0,326.0,160.0,128.0
,True 3,556.0,263.0,946.0,906.0,839.0
,True 4,279.0,135.0,887.0,2791.0,7143.0
,True 5,198.0,82.0,555.0,3458.0,34108.0
1,True 1,1983.0,239.0,317.0,138.0,174.0
,True 2,563.0,174.0,293.0,191.0,147.0
,True 3,565.0,236.0,871.0,963.0,875.0
,True 4,278.0,146.0,886.0,2771.0,7154.0
,True 5,204.0,63.0,559.0,3501.0,34074.0
2,True 1,1987.0,234.0,289.0,167.0,174.0
,True 2,581.0,151.0,331.0,175.0,130.0
,True 3,521.0,239.0,894.0,982.0,874.0
,True 4,284.0,140.0,861.0,2785.0,7165.0
,True 5,185.0,84.0,573.0,3477.0,34082.0
3,True 1,2022.0,226.0,304.0,133.0,166.0
,True 2,569.0,140.0,327.0,187.0,145.0
,True 3,531.0,249.0,915.0,959.0,856.0
,True 4,277.0,137.0,855.0,2831.0,7135.0
,True 5,236.0,74.0,593.0,3405.0,34093.0
4,True 1,1997.0,204.0,298.0,171.0,181.0
,True 2,584.0,149.0,340.0,173.0,122.0
,True 3,535.0,267.0,857.0,956.0,895.0
,True 4,305.0,148.0,921.0,2841.0,7020.0
,True 5,216.0,78.0,553.0,3515.0,34039.0
5,True 1,2003.0,230.0,267.0,171.0,180.0
,True 2,589.0,159.0,325.0,174.0,121.0
,True 3,527.0,262.0,880.0,940.0,901.0
,True 4,302.0,145.0,888.0,2756.0,7144.0
,True 5,240.0,83.0,570.0,3453.0,34055.0
6,True 1,2024.0,206.0,293.0,152.0,176.0
,True 2,560.0,177.0,313.0,176.0,142.0
,True 3,520.0,272.0,874.0,920.0,924.0
,True 4,305.0,141.0,841.0,2895.0,7053.0
,True 5,202.0,71.0,566.0,3573.0,33989.0
7,True 1,2010.0,215.0,304.0,130.0,192.0
,True 2,608.0,174.0,302.0,150.0,134.0
,True 3,512.0,234.0,892.0,985.0,887.0
,True 4,296.0,132.0,891.0,2836.0,7080.0
,True 5,239.0,87.0,531.0,3567.0,33977.0
8,True 1,1985.0,248.0,306.0,141.0,171.0
,True 2,602.0,154.0,322.0,169.0,120.0
,True 3,560.0,228.0,892.0,929.0,902.0
,True 4,289.0,149.0,867.0,2754.0,7176.0
,True 5,225.0,85.0,542.0,3480.0,34068.0
9,True 1,2022.0,226.0,295.0,125.0,184.0
,True 2,579.0,174.0,324.0,168.0,122.0
,True 3,548.0,252.0,898.0,919.0,893.0
,True 4,249.0,145.0,822.0,2914.0,7105.0
,True 5,221.0,97.0,527.0,3668.0,33887.0
10,True 1,2002.0,209.0,301.0,154.0,186.0
,True 2,643.0,156.0,291.0,158.0,119.0
,True 3,560.0,275.0,915.0,913.0,847.0
,True 4,274.0,149.0,922.0,2841.0,7049.0
,True 5,238.0,91.0,544.0,3458.0,34069.0
