,Rounded RMSE,Rounded MSE,Rounded MAE,Accuracy,Log Loss
0,0.9258765849377772,0.8572474505360411,0.5039309683604986,0.6232371655190447,1.115940347416221
1,0.9225285947362217,0.851059008105988,0.5076788982829251,0.6169789941602022,1.0902774290987933
2,0.911923591631319,0.8316046369737645,0.4971149655713414,0.623882158110346,1.1144521042919389
3,0.9304779655170424,0.8657892443127343,0.5081844330166477,0.6200819314913275,1.0928197075108803
4,0.9274097823423076,0.8600889043842064,0.5042273163078532,0.6221040704262181,1.1282585843785367
5,0.9094830497394906,0.8271594177634446,0.4948313431534908,0.625764839187658,1.1376828175701126
6,0.9204476720718971,0.8472239170225747,0.5050291989889305,0.6190882942560795,1.0722022529065878
7,0.9209304864454422,0.8481129608646387,0.5007234376361893,0.6243876928440687,1.0864150837692435
8,0.9177909040974951,0.8423401436440974,0.5021616344745834,0.6207726099993027,1.05317278701479
9,0.9181896918173728,0.843072310159682,0.5027543407014853,0.6190119238546824,1.1271395893454543
10,0.9368994020200959,0.8777804895056133,0.5105466843316365,0.6203716616693397,1.0525979425843537
AVG,0.9219961568505876,0.8501344075702533,0.5033802928023255,0.6214255765016609,1.0973598768988102
,,,,,
,,Predicted 1,Predicted 2,Predicted 3,Predicted 4,Predicted 5
AVG,True 1,0.7382033267483269,0.18565867782377532,0.05445720475485382,0.00730128043813899,0.014379510234905085
,True 2,0.38188219545783164,0.38945843916390255,0.1872473337696839,0.023198867744164783,0.018213163864417087
,True 3,0.1255083829848854,0.28056750785318146,0.36336805382661264,0.15140759743437043,0.07914845790095007
,True 4,0.028312497471375975,0.06595460614152203,0.19049237366994376,0.36156491483594283,0.3536756078812154
,True 5,0.01428240221510172,0.017033295857490298,0.04450199630316603,0.20354967118813194,0.7206326344361099
0,True 1,0.7244039270687237,0.1931977559607293,0.05995792426367461,0.008064516129032258,0.014375876577840112
,True 2,0.3789319678127286,0.38039502560351135,0.1916605705925384,0.025603511338697878,0.023408924652523776
,True 3,0.13247863247863248,0.2985754985754986,0.35185185185185186,0.1358974358974359,0.0811965811965812
,True 4,0.029995549621717847,0.06408544726301736,0.1909212283044059,0.3570983533600356,0.3578994214508233
,True 5,0.0146089945574334,0.016692273638707324,0.04549360693731934,0.19616676649045597,0.727038358376084
1,True 1,0.744300245527885,0.1862504384426517,0.04805331462644686,0.006313574184496668,0.015082427218519818
,True 2,0.37207602339181284,0.3932748538011696,0.1915204678362573,0.025584795321637425,0.017543859649122806
,True 3,0.1301994301994302,0.28888888888888886,0.34957264957264955,0.15584045584045583,0.0754985754985755
,True 4,0.027592345349354695,0.07147307521139297,0.18486871384067646,0.3604806408544726,0.35558522474410326
,True 5,0.012916330303898335,0.018983880628108643,0.04361865576417281,0.2094997526106091,0.7149813806932112
2,True 1,0.7330761136443353,0.18554893019992985,0.05822518414591372,0.00701508242721852,0.016134689582602595
,True 2,0.3823099415204678,0.38377192982456143,0.19078947368421054,0.024853801169590642,0.01827485380116959
,True 3,0.1170940170940171,0.27863247863247864,0.3683760683760684,0.15014245014245015,0.08575498575498576
,True 4,0.028304405874499332,0.06898086337338674,0.18620382732532265,0.35469514908767247,0.36181575433911883
,True 5,0.013072576234993881,0.016822478581286944,0.04145725371735111,0.20220827582615036,0.7264394156402177
3,True 1,0.7450017537706068,0.18169063486495968,0.05191160996141705,0.004910557699052964,0.016485443703963522
,True 2,0.36403508771929827,0.4064327485380117,0.1878654970760234,0.01827485380116959,0.023391812865497075
,True 3,0.12393162393162394,0.2931623931623932,0.3544159544159544,0.149002849002849,0.07948717948717948
,True 4,0.027770360480640854,0.06470850022251891,0.17935024477080552,0.38015131286159326,0.34801958166444147
,True 5,0.014973568396656338,0.017577667248248743,0.047186271190854404,0.20736439155230332,0.7128981016119372
4,True 1,0.7271132935811996,0.19501929147667485,0.052963872325499824,0.008418098912662224,0.016485443703963522
,True 2,0.3713450292397661,0.3815789473684211,0.2054093567251462,0.02412280701754386,0.017543859649122806
,True 3,0.12165242165242166,0.27037037037037037,0.37207977207977205,0.15982905982905982,0.07606837606837606
,True 4,0.029105473965287048,0.06657765910102359,0.18931909212283043,0.36608811748998665,0.34890965732087226
,True 5,0.015598552121038514,0.01684851956980287,0.04268118017759954,0.20423947293039244,0.7206322752011667
5,True 1,0.748509294984216,0.17572781480182392,0.05366538056822168,0.007716590669940372,0.014380918975797966
,True 2,0.39985380116959063,0.36403508771929827,0.19444444444444445,0.029970760233918127,0.011695906432748537
,True 3,0.12136752136752137,0.27692307692307694,0.3660968660968661,0.147008547008547,0.0886039886039886
,True 4,0.025456163773920782,0.06791277258566979,0.19020916777926122,0.35736537605696483,0.35905651980418335
,True 5,0.013671518970860134,0.015416265201427045,0.04411343454597536,0.198562537433921,0.7282362438478165
6,True 1,0.7411434584356367,0.1823921431076815,0.057172921781830935,0.006664328305857594,0.012627148368993335
,True 2,0.3888888888888889,0.39766081871345027,0.17690058479532164,0.013888888888888888,0.02266081871345029
,True 3,0.12706552706552707,0.2883190883190883,0.3578347578347578,0.145014245014245,0.08176638176638176
,True 4,0.02661326212728082,0.06559857587894971,0.19448153093012907,0.3540720961281709,0.35923453493546953
,True 5,0.014062133798598995,0.016093330902841072,0.04703002525975886,0.20348428426343065,0.7193302257753704
7,True 1,0.739389687828832,0.18133988074359875,0.06068046299544019,0.0073658365485794455,0.011224131883549631
,True 2,0.35891812865497075,0.38669590643274854,0.2149122807017544,0.021929824561403508,0.017543859649122806
,True 3,0.12022792022792023,0.25811965811965815,0.39173789173789175,0.15413105413105413,0.07578347578347579
,True 4,0.02839341344014241,0.06515353805073432,0.20863373386737874,0.3506898086337339,0.3471295060080107
,True 5,0.014400666649306008,0.017395380328637276,0.04518111507512825,0.1973646519621885,0.72565818598474
8,True 1,0.7362329007365837,0.19607155384075764,0.04875482286916871,0.0073658365485794455,0.011574886004910558
,True 2,0.393562545720556,0.401609363569861,0.16532553035844916,0.023408924652523776,0.016093635698610095
,True 3,0.1213329535744802,0.28852178866419825,0.35944175448590143,0.15266305895756194,0.07804044431785816
,True 4,0.02946150422785937,0.06444147752558968,0.19670672007120604,0.359768580329328,0.3496217178460169
,True 5,0.013255208333333334,0.018359375,0.04356770833333334,0.20455729166666667,0.7202604166666666
9,True 1,0.7356241234221599,0.18653576437587657,0.0546984572230014,0.007363253856942496,0.015778401122019635
,True 2,0.3774689100219459,0.4089246525237747,0.16971470373079736,0.027066569129480616,0.016825164594001463
,True 3,0.13475783475783476,0.26153846153846155,0.350997150997151,0.17578347578347578,0.07692307692307693
,True 4,0.027948375611927014,0.06453048509123276,0.17214063195371607,0.38985313751668893,0.3455273698264352
,True 5,0.013958333333333333,0.017578125,0.039453125,0.21963541666666667,0.709375
10,True 1,0.7454417952314165,0.17847124824684432,0.052945301542777,0.0091164095371669,0.014025245441795231
,True 2,0.4133138258961229,0.37966349670812,0.1711777615215801,0.020482809070958303,0.015362106803218726
,True 3,0.13048433048433047,0.2831908831908832,0.37464387464387466,0.14017094017094017,0.07150997150997151
,True 4,0.030796617712505563,0.06203827325322652,0.20258121940364932,0.3469514908767245,0.3576323987538941
,True 5,0.016588541666666668,0.015598958333333333,0.04973958333333333,0.19596354166666666,0.722109375
,,Predicted 1,Predicted 2,Predicted 3,Predicted 4,Predicted 5
AVG,True 1,2104.818181818182,529.3636363636364,155.27272727272728,20.818181818181817,41.0
,True 2,522.2727272727273,532.6363636363636,256.09090909090907,31.727272727272727,24.90909090909091
,True 3,440.54545454545456,984.8181818181819,1275.4545454545455,531.4545454545455,277.8181818181818
,True 4,318.09090909090907,741.0,2140.181818181818,4062.181818181818,3973.5454545454545
,True 5,548.4545454545455,654.0909090909091,1708.909090909091,7816.454545454545,27672.81818181818
0,True 1,2066.0,551.0,171.0,23.0,41.0
,True 2,518.0,520.0,262.0,35.0,32.0
,True 3,465.0,1048.0,1235.0,477.0,285.0
,True 4,337.0,720.0,2145.0,4012.0,4021.0
,True 5,561.0,641.0,1747.0,7533.0,27919.0
1,True 1,2122.0,531.0,137.0,18.0,43.0
,True 2,509.0,538.0,262.0,35.0,24.0
,True 3,457.0,1014.0,1227.0,547.0,265.0
,True 4,310.0,803.0,2077.0,4050.0,3995.0
,True 5,496.0,729.0,1675.0,8045.0,27456.0
2,True 1,2090.0,529.0,166.0,20.0,46.0
,True 2,523.0,525.0,261.0,34.0,25.0
,True 3,411.0,978.0,1293.0,527.0,301.0
,True 4,318.0,775.0,2092.0,3985.0,4065.0
,True 5,502.0,646.0,1592.0,7765.0,27896.0
3,True 1,2124.0,518.0,148.0,14.0,47.0
,True 2,498.0,556.0,257.0,25.0,32.0
,True 3,435.0,1029.0,1244.0,523.0,279.0
,True 4,312.0,727.0,2015.0,4271.0,3910.0
,True 5,575.0,675.0,1812.0,7963.0,27376.0
4,True 1,2073.0,556.0,151.0,24.0,47.0
,True 2,508.0,522.0,281.0,33.0,24.0
,True 3,427.0,949.0,1306.0,561.0,267.0
,True 4,327.0,748.0,2127.0,4113.0,3920.0
,True 5,599.0,647.0,1639.0,7843.0,27673.0
5,True 1,2134.0,501.0,153.0,22.0,41.0
,True 2,547.0,498.0,266.0,41.0,16.0
,True 3,426.0,972.0,1285.0,516.0,311.0
,True 4,286.0,763.0,2137.0,4015.0,4034.0
,True 5,525.0,592.0,1694.0,7625.0,27965.0
6,True 1,2113.0,520.0,163.0,19.0,36.0
,True 2,532.0,544.0,242.0,19.0,31.0
,True 3,446.0,1012.0,1256.0,509.0,287.0
,True 4,299.0,737.0,2185.0,3978.0,4036.0
,True 5,540.0,618.0,1806.0,7814.0,27623.0
7,True 1,2108.0,517.0,173.0,21.0,32.0
,True 2,491.0,529.0,294.0,30.0,24.0
,True 3,422.0,906.0,1375.0,541.0,266.0
,True 4,319.0,732.0,2344.0,3940.0,3900.0
,True 5,553.0,668.0,1735.0,7579.0,27866.0
8,True 1,2099.0,559.0,139.0,21.0,33.0
,True 2,538.0,549.0,226.0,32.0,22.0
,True 3,426.0,1013.0,1262.0,536.0,274.0
,True 4,331.0,724.0,2210.0,4042.0,3928.0
,True 5,509.0,705.0,1673.0,7855.0,27658.0
9,True 1,2098.0,532.0,156.0,21.0,45.0
,True 2,516.0,559.0,232.0,37.0,23.0
,True 3,473.0,918.0,1232.0,617.0,270.0
,True 4,314.0,725.0,1934.0,4380.0,3882.0
,True 5,536.0,675.0,1515.0,8434.0,27240.0
10,True 1,2126.0,509.0,151.0,26.0,40.0
,True 2,565.0,519.0,234.0,28.0,21.0
,True 3,458.0,994.0,1315.0,492.0,251.0
,True 4,346.0,697.0,2276.0,3898.0,4018.0
,True 5,637.0,599.0,1910.0,7525.0,27729.0
