,Rounded RMSE,Rounded MSE,Rounded MAE,Accuracy,Log Loss
0,0.9478606517934683,0.8984398152183387,0.5360237078357883,0.5959731543624162,1.439716740283001
1,0.9457801704105143,0.8945001307417415,0.537732066591127,0.5929922426566722,1.4398729182585792
2,0.9307495791277356,0.8662947790464569,0.5279700165606206,0.5974025974025974,1.549250089057385
3,0.95005585031276,0.9026061187135013,0.5349254772073564,0.5974374618669921,1.4652941665803083
4,0.9515958878235304,0.9055347337226531,0.5392835352566896,0.5932711583718295,1.5242338753677478
5,0.93324658319393,0.8709491850431448,0.526627734681426,0.599633923123856,1.4937289757930365
6,0.9498539938354525,0.90222260960516,0.5419680990150789,0.5900810598797176,1.4534006994938593
7,0.9458815387224302,0.8946918852959121,0.537365989714983,0.5937069641767628,1.3834422157673496
8,0.9488982671205577,0.9004079213443972,0.5387176626455616,0.593769611603096,1.422012541283534
9,0.9472986118777681,0.8973746600655463,0.5417857889965833,0.5872498431071752,1.5160501922361191
10,0.9536902734730155,0.909525137717035,0.5380726588104038,0.5965413848406667,1.4009223872257504
AVG,0.945901037062833,0.8947769978648988,0.5364066124832381,0.5943690364901619,1.4625386183042428
,,,,,
,,Predicted 1,Predicted 2,Predicted 3,Predicted 4,Predicted 5
AVG,True 1,0.7297541796336049,0.19292839575762377,0.056306244259660375,0.008385407179560753,0.012625773169550285
,True 2,0.3834796682802304,0.3970340995135974,0.18053455472602278,0.022067691118243613,0.016883986361905735
,True 3,0.1292897867662892,0.29380197847870876,0.354251657811897,0.15446363820046533,0.06819293874263968
,True 4,0.029000283205890685,0.07228223489905733,0.19681191083060243,0.37922077922077924,0.3226847918436704
,True 5,0.013967541695666857,0.01789265347217126,0.0512750763499096,0.24062518495020252,0.6762395435320498
0,True 1,0.7198457223001402,0.1935483870967742,0.06311360448807854,0.009467040673211781,0.014025245441795231
,True 2,0.38551572787125093,0.3840526700804682,0.18580833942940747,0.019019751280175568,0.025603511338697878
,True 3,0.1339031339031339,0.30427350427350425,0.34273504273504274,0.1472934472934473,0.07179487179487179
,True 4,0.030084557187360927,0.07040498442367601,0.19376947040498443,0.3816644414775256,0.32407654650645307
,True 5,0.013853805890471603,0.018410978880758315,0.05007682091612198,0.23749381526522748,0.6801645790474207
1,True 1,0.7334268677656962,0.19747457032620133,0.04875482286916871,0.008067344791301298,0.012276394247632409
,True 2,0.364766081871345,0.40350877192982454,0.19005847953216373,0.02631578947368421,0.015350877192982455
,True 3,0.13874643874643874,0.2982905982905983,0.33589743589743587,0.15555555555555556,0.07150997150997151
,True 4,0.028126390743213173,0.07716955941255006,0.18923008455718737,0.37605696484201157,0.32941700044503786
,True 5,0.013385068097184968,0.018931798651076796,0.049425796203223876,0.2419728652899664,0.676284471758548
2,True 1,0.7229042441248684,0.19116099614170468,0.06559102069449316,0.006313574184496668,0.01403016485443704
,True 2,0.36330409356725146,0.41228070175438597,0.1878654970760234,0.019005847953216373,0.017543859649122806
,True 3,0.12507122507122506,0.28034188034188035,0.36894586894586895,0.1475783475783476,0.07806267806267807
,True 4,0.02652425456163774,0.07254116599910992,0.19403649310191368,0.37481085892300847,0.3320872274143302
,True 5,0.011796567797713601,0.018046405041535377,0.04963412411135127,0.23983750423166064,0.6806853988177392
3,True 1,0.7365836548579446,0.1876534549280954,0.053314626446860754,0.008768853034023149,0.013679410733076113
,True 2,0.36988304093567254,0.40131578947368424,0.19078947368421054,0.01608187134502924,0.021929824561403508
,True 3,0.13048433048433047,0.29971509971509974,0.350997150997151,0.1527065527065527,0.0660968660968661
,True 4,0.029995549621717847,0.06693368936359591,0.1894971072541166,0.39465954606141523,0.3189141076991544
,True 5,0.015286060258847425,0.017785995156376137,0.050753886617536,0.2402281190593995,0.6759459389078409
4,True 1,0.7130831287267625,0.20834794808839005,0.05506839705366538,0.012276394247632409,0.011224131883549631
,True 2,0.38011695906432746,0.3925438596491228,0.18640350877192982,0.02631578947368421,0.014619883040935672
,True 3,0.12478632478632479,0.29572649572649573,0.35498575498575496,0.16267806267806267,0.06182336182336182
,True 4,0.030262572318647086,0.07360925678682688,0.19902091677792613,0.39020916777926123,0.30689808633733867
,True 5,0.015129814327751881,0.017369339340121352,0.05119658342230671,0.2435874065779537,0.6727168563318664
5,True 1,0.7348298842511399,0.1929147667485093,0.052963872325499824,0.005962820063135742,0.013328656611715188
,True 2,0.38084795321637427,0.39766081871345027,0.18055555555555555,0.02850877192982456,0.012426900584795321
,True 3,0.12706552706552707,0.28945868945868947,0.35698005698005697,0.1544159544159544,0.07207977207977208
,True 4,0.027236315086782377,0.0735202492211838,0.19679572763684913,0.3685803293279929,0.3338673787271918
,True 5,0.013385068097184968,0.01658810968464363,0.04994661597354236,0.2335095440222911,0.686570662222338
6,True 1,0.7435987372851631,0.18414591371448616,0.05191160996141705,0.009821115398105928,0.01052262364082778
,True 2,0.38742690058479534,0.3991228070175439,0.17105263157894737,0.02412280701754386,0.01827485380116959
,True 3,0.12991452991452992,0.30113960113960114,0.3507122507122507,0.15242165242165243,0.06581196581196581
,True 4,0.029995549621717847,0.07076101468624833,0.20062305295950156,0.3803293279928794,0.31829105473965286
,True 5,0.013671518970860134,0.018306814926694618,0.053670477331319494,0.24561860368219576,0.66873258508893
7,True 1,0.7285163100666433,0.19501929147667485,0.055419151175026306,0.01052262364082778,0.01052262364082778
,True 2,0.36988304093567254,0.391812865497076,0.19517543859649122,0.027777777777777776,0.015350877192982455
,True 3,0.1227920227920228,0.2743589743589744,0.3814814814814815,0.15754985754985754,0.06381766381766382
,True 4,0.027503337783711616,0.07654650645304852,0.20738762794837562,0.37009345794392523,0.31846906987093904
,True 5,0.013879846878987526,0.017733913179344286,0.05304549360693732,0.23962917632353326,0.6757115700111976
8,True 1,0.7351806383725009,0.1929147667485093,0.05647141353910908,0.00526131182041389,0.010171869519466853
,True 2,0.40819312362838334,0.39429407461594734,0.1623994147768837,0.019751280175566936,0.015362106803218726
,True 3,0.1213329535744802,0.3056109370549701,0.34349188265451436,0.1589290800341783,0.07063514668185703
,True 4,0.02972852692478861,0.07316421895861148,0.20453938584779707,0.37125055629728526,0.3213173119715176
,True 5,0.01375,0.019088541666666667,0.053098958333333335,0.235703125,0.678359375
9,True 1,0.7194950911640954,0.19635343618513323,0.05995792426367461,0.008064516129032258,0.016129032258064516
,True 2,0.38917337234820776,0.401609363569861,0.1711777615215801,0.020482809070958303,0.01755669348939283
,True 3,0.13817663817663817,0.2849002849002849,0.34045584045584043,0.17094017094017094,0.06552706552706553
,True 4,0.02883845126835781,0.06880284824210058,0.185491766800178,0.39848687138406763,0.318380062305296
,True 5,0.01390625,0.017864583333333333,0.048463541666666665,0.2579427083333333,0.6618229166666667
10,True 1,0.7398316970546984,0.1826788218793829,0.056802244039270686,0.007713884992987377,0.012973352033660589
,True 2,0.41916605705925386,0.38917337234820776,0.1645940014630578,0.015362106803218726,0.011704462326261888
,True 3,0.12991452991452992,0.298005698005698,0.3700854700854701,0.13903133903133902,0.06296296296296296
,True 4,0.030707610146862484,0.07165109034267912,0.20453938584779707,0.3652870493991989,0.3278148642634624
,True 5,0.015598958333333333,0.016692708333333334,0.054713541666666664,0.23135416666666667,0.681640625
,,Predicted 1,Predicted 2,Predicted 3,Predicted 4,Predicted 5
AVG,True 1,2080.7272727272725,550.0909090909091,160.54545454545453,23.90909090909091,36.0
,True 2,524.4545454545455,543.0,246.9090909090909,30.181818181818183,23.09090909090909
,True 3,453.8181818181818,1031.2727272727273,1243.4545454545455,542.1818181818181,239.36363636363637
,True 4,325.8181818181818,812.0909090909091,2211.181818181818,4260.545454545455,3625.3636363636365
,True 5,536.3636363636364,687.0909090909091,1969.0,9240.181818181818,25968.090909090908
0,True 1,2053.0,552.0,180.0,27.0,40.0
,True 2,527.0,525.0,254.0,26.0,35.0
,True 3,470.0,1068.0,1203.0,517.0,252.0
,True 4,338.0,791.0,2177.0,4288.0,3641.0
,True 5,532.0,707.0,1923.0,9120.0,26119.0
1,True 1,2091.0,563.0,139.0,23.0,35.0
,True 2,499.0,552.0,260.0,36.0,21.0
,True 3,487.0,1047.0,1179.0,546.0,251.0
,True 4,316.0,867.0,2126.0,4225.0,3701.0
,True 5,514.0,727.0,1898.0,9292.0,25970.0
2,True 1,2061.0,545.0,187.0,18.0,40.0
,True 2,497.0,564.0,257.0,26.0,24.0
,True 3,439.0,984.0,1295.0,518.0,274.0
,True 4,298.0,815.0,2180.0,4211.0,3731.0
,True 5,453.0,693.0,1906.0,9210.0,26139.0
3,True 1,2100.0,535.0,152.0,25.0,39.0
,True 2,506.0,549.0,261.0,22.0,30.0
,True 3,458.0,1052.0,1232.0,536.0,232.0
,True 4,337.0,752.0,2129.0,4434.0,3583.0
,True 5,587.0,683.0,1949.0,9225.0,25957.0
4,True 1,2033.0,594.0,157.0,35.0,32.0
,True 2,520.0,537.0,255.0,36.0,20.0
,True 3,438.0,1038.0,1246.0,571.0,217.0
,True 4,340.0,827.0,2236.0,4384.0,3448.0
,True 5,581.0,667.0,1966.0,9354.0,25833.0
5,True 1,2095.0,550.0,151.0,17.0,38.0
,True 2,521.0,544.0,247.0,39.0,17.0
,True 3,446.0,1016.0,1253.0,542.0,253.0
,True 4,306.0,826.0,2211.0,4141.0,3751.0
,True 5,514.0,637.0,1918.0,8967.0,26365.0
6,True 1,2120.0,525.0,148.0,28.0,30.0
,True 2,530.0,546.0,234.0,33.0,25.0
,True 3,456.0,1057.0,1231.0,535.0,231.0
,True 4,337.0,795.0,2254.0,4273.0,3576.0
,True 5,525.0,703.0,2061.0,9432.0,25680.0
7,True 1,2077.0,556.0,158.0,30.0,30.0
,True 2,506.0,536.0,267.0,38.0,21.0
,True 3,431.0,963.0,1339.0,553.0,224.0
,True 4,309.0,860.0,2330.0,4158.0,3578.0
,True 5,533.0,681.0,2037.0,9202.0,25948.0
8,True 1,2096.0,550.0,161.0,15.0,29.0
,True 2,558.0,539.0,222.0,27.0,21.0
,True 3,426.0,1073.0,1206.0,558.0,248.0
,True 4,334.0,822.0,2298.0,4171.0,3610.0
,True 5,528.0,733.0,2039.0,9051.0,26049.0
9,True 1,2052.0,560.0,171.0,23.0,46.0
,True 2,532.0,549.0,234.0,28.0,24.0
,True 3,485.0,1000.0,1195.0,600.0,230.0
,True 4,324.0,773.0,2084.0,4477.0,3577.0
,True 5,534.0,686.0,1861.0,9905.0,25414.0
10,True 1,2110.0,521.0,162.0,22.0,37.0
,True 2,573.0,532.0,225.0,21.0,16.0
,True 3,456.0,1046.0,1299.0,488.0,221.0
,True 4,345.0,805.0,2298.0,4104.0,3683.0
,True 5,599.0,641.0,2101.0,8884.0,26175.0
