,Rounded RMSE,Rounded MSE,Rounded MAE,Accuracy,Log Loss
0,0.9979583446546374,0.995920857665824,0.6032772596530985,0.5440599668787588,3.294306884768632
1,1.0032284675711762,1.0064673581452106,0.6115924344112263,0.5377494988233243,3.105798886558834
2,1.0024027614120303,1.004811296086464,0.6069728928789332,0.5413405386559749,3.2749351975634626
3,1.005718851760195,1.011470408785845,0.6077050466312212,0.5418112089253029,3.309183869938968
4,1.0079004570390733,1.0158633312995728,0.611784188965397,0.5397542055260176,3.2288320499586702
5,0.9912983209891214,0.9826723611958511,0.60052296696592,0.5432755164298788,3.2984944573144186
6,0.9974254315495403,0.9948574915017868,0.6055260176065546,0.5403817658851215,3.1961515299687933
7,0.9956849287272141,0.9913884772945175,0.6073564019872745,0.537522879804759,3.191985733109093
8,0.9960349535117988,0.9920856286172512,0.6014224949445646,0.5461962206261767,3.318254749004588
9,1.0102242127590426,1.0205529600446273,0.6122829649257374,0.5398333449550241,3.2667039524992236
10,1.011362474490671,1.0228540548078935,0.6102607907398369,0.5427968760895335,3.384032469366192
AVG,1.0017490185876818,1.0035403841313495,0.607154859973615,0.5413383656908975,3.260789070913716
,,,,,
,,Predicted 1,Predicted 2,Predicted 3,Predicted 4,Predicted 5
AVG,True 1,0.6705456831639766,0.23160353219194316,0.07336413988788122,0.013805515403955556,0.010681129352243496
,True 2,0.3719790403943178,0.38214538640942985,0.19675375788454755,0.035428934165121745,0.013692881146583069
,True 3,0.14526951260075724,0.2723576127449668,0.3465074467922659,0.17500210055037735,0.060863327311632645
,True 4,0.033110814419225636,0.07286482987417568,0.20591495731682652,0.4094267103612898,0.27868268802848245
,True 5,0.013678723459399335,0.01962794301393272,0.06988505073652597,0.30299138469898584,0.593816898091156
0,True 1,0.6704067321178121,0.22896213183730715,0.07573632538569425,0.014025245441795231,0.010869565217391304
,True 2,0.37673738112655447,0.38185808339429406,0.18361375274323335,0.04462326261887344,0.013167520117044623
,True 3,0.14472934472934473,0.2903133903133903,0.335042735042735,0.17065527065527067,0.05925925925925926
,True 4,0.02955051179350245,0.0712950600801068,0.20934579439252338,0.4035603026257232,0.2862483311081442
,True 5,0.013332986120153122,0.020598421916095934,0.06945131637196948,0.295955834483477,0.6006614411083044
1,True 1,0.6625745352507892,0.24342336022448263,0.06769554542265871,0.015433181339880744,0.010873377762188706
,True 2,0.3508771929824561,0.3786549707602339,0.21637426900584794,0.038011695906432746,0.01608187134502924
,True 3,0.145014245014245,0.2717948717948718,0.34415954415954414,0.17407407407407408,0.06495726495726496
,True 4,0.03222073876279484,0.0735202492211838,0.20382732532265244,0.41148197596795727,0.27894971072541164
,True 5,0.012838207338350564,0.019765110283586365,0.0732533006952944,0.30535663133772556,0.5887867503450431
2,True 1,0.6709926341634515,0.2283409330059628,0.07716590669940372,0.010873377762188706,0.012627148368993335
,True 2,0.3530701754385965,0.38596491228070173,0.2097953216374269,0.03874269005847953,0.012426900584795321
,True 3,0.1433048433048433,0.2643874643874644,0.35498575498575496,0.17777777777777778,0.05954415954415954
,True 4,0.03382287494437027,0.07343124165554073,0.19991099243435692,0.4097018246550957,0.2831330663106364
,True 5,0.013359027108669045,0.021561938491185127,0.06611806984193119,0.3061639019817192,0.5927970625764954
3,True 1,0.6709926341634515,0.2283409330059628,0.07435987372851631,0.012977902490354262,0.013328656611715188
,True 2,0.36330409356725146,0.3932748538011696,0.19736842105263158,0.033625730994152045,0.012426900584795321
,True 3,0.1472934472934473,0.2695156695156695,0.3606837606837607,0.16638176638176638,0.05612535612535612
,True 4,0.03551401869158879,0.06595460614152203,0.20694259012016022,0.40854472630173566,0.28304405874499333
,True 5,0.014973568396656338,0.018541183823337935,0.07018046405041535,0.30324731126793575,0.5930574724616546
4,True 1,0.6646790599789547,0.23184847421957208,0.07716590669940372,0.014731673097158891,0.011574886004910558
,True 2,0.37280701754385964,0.3713450292397661,0.20833333333333334,0.031432748538011694,0.01608187134502924
,True 3,0.14301994301994303,0.26837606837606837,0.3561253561253561,0.17663817663817663,0.05584045584045584
,True 4,0.032309746328437916,0.0761904761904762,0.21272808188696038,0.410057854917668,0.2687138406764575
,True 5,0.013879846878987526,0.02010364313429338,0.0723939480742689,0.30241399963542615,0.591208562277024
5,True 1,0.6741494212556998,0.23009470361276746,0.07330761136443353,0.013679410733076113,0.008768853034023149
,True 2,0.3706140350877193,0.3845029239766082,0.195906432748538,0.041666666666666664,0.007309941520467836
,True 3,0.14358974358974358,0.2720797720797721,0.3401709401709402,0.17578347578347578,0.06837606837606838
,True 4,0.03373386737872719,0.07645749888740543,0.20008900756564307,0.40445037828215397,0.28526924788607033
,True 5,0.012629879430223171,0.019634905341006745,0.06473789745058722,0.3046014426707638,0.5983958751074191
6,True 1,0.6734479130129779,0.23605752367590319,0.06418800420904945,0.013679410733076113,0.012627148368993335
,True 2,0.36622807017543857,0.39400584795321636,0.1878654970760234,0.03654970760233918,0.015350877192982455
,True 3,0.15498575498575498,0.2641025641025641,0.34273504273504274,0.17806267806267806,0.06011396011396011
,True 4,0.03489096573208723,0.06924788607031598,0.20534045393858477,0.4161993769470405,0.2743213173119715
,True 5,0.013306945131637197,0.01833285591521054,0.0690346605557147,0.30921069763808234,0.5901148407593553
7,True 1,0.6594177481585408,0.23851280252542967,0.07611364433532095,0.017186951946685375,0.008768853034023149
,True 2,0.3742690058479532,0.37207602339181284,0.19809941520467836,0.03508771929824561,0.02046783625730994
,True 3,0.13418803418803418,0.2638176638176638,0.3541310541310541,0.18803418803418803,0.05982905982905983
,True 4,0.032309746328437916,0.07583444592790387,0.21157098353360035,0.4141522029372497,0.2661326212728082
,True 5,0.012890289315382412,0.01833285591521054,0.06939923439493763,0.31215332934038176,0.5872242910340877
8,True 1,0.682918274289723,0.2293931953700456,0.06980007015082428,0.008067344791301298,0.009821115398105928
,True 2,0.38551572787125093,0.3811265544989027,0.1894659839063643,0.02852962692026335,0.015362106803218726
,True 3,0.144118484762176,0.2725719168328112,0.3474793506123611,0.16889774992879522,0.06693249786385645
,True 4,0.03364485981308411,0.07378727191811305,0.2070315976858033,0.405607476635514,0.27992879394748554
,True 5,0.012604166666666666,0.020286458333333333,0.07088541666666667,0.295,0.6012239583333333
9,True 1,0.6728611500701263,0.22896213183730715,0.07258064516129033,0.015778401122019635,0.009817671809256662
,True 2,0.37088514996342353,0.37820043891733723,0.2011704462326262,0.038771031455742504,0.010972933430870519
,True 3,0.14188034188034188,0.27663817663817664,0.34074074074074073,0.18091168091168092,0.05982905982905983
,True 4,0.03168669336893636,0.0761904761904762,0.19537160658655986,0.4191366266132621,0.2776145972407655
,True 5,0.014921875,0.019921875,0.07127604166666666,0.30466145833333336,0.58921875
10,True 1,0.673562412342216,0.22370266479663395,0.07889200561009818,0.015427769985974754,0.008415147265077139
,True 2,0.4074615947329919,0.38258961228968547,0.17629846378931968,0.02267739575713241,0.010972933430870519
,True 3,0.15584045584045583,0.28233618233618235,0.3353276353276353,0.1678062678062678,0.05868945868945869
,True 4,0.03453493546951491,0.0696039163328883,0.21290609701824656,0.4008010680907877,0.28215398308856254
,True 5,0.015729166666666666,0.018828125,0.07200520833333333,0.294140625,0.599296875
,,Predicted 1,Predicted 2,Predicted 3,Predicted 4,Predicted 5
AVG,True 1,1911.909090909091,660.3636363636364,209.1818181818182,39.36363636363637,30.454545454545453
,True 2,508.72727272727275,522.6363636363636,269.09090909090907,48.45454545454545,18.727272727272727
,True 3,509.90909090909093,956.0,1216.2727272727273,614.2727272727273,213.63636363636363
,True 4,372.0,818.6363636363636,2313.4545454545455,4599.909090909091,3131.0
,True 5,525.2727272727273,753.7272727272727,2683.6363636363635,11635.09090909091,22803.0
0,True 1,1912.0,653.0,216.0,40.0,31.0
,True 2,515.0,522.0,251.0,61.0,18.0
,True 3,508.0,1019.0,1176.0,599.0,208.0
,True 4,332.0,801.0,2352.0,4534.0,3216.0
,True 5,512.0,791.0,2667.0,11365.0,23066.0
1,True 1,1889.0,694.0,193.0,44.0,31.0
,True 2,480.0,518.0,296.0,52.0,22.0
,True 3,509.0,954.0,1208.0,611.0,228.0
,True 4,362.0,826.0,2290.0,4623.0,3134.0
,True 5,493.0,759.0,2813.0,11726.0,22610.0
2,True 1,1913.0,651.0,220.0,31.0,36.0
,True 2,483.0,528.0,287.0,53.0,17.0
,True 3,503.0,928.0,1246.0,624.0,209.0
,True 4,380.0,825.0,2246.0,4603.0,3181.0
,True 5,513.0,828.0,2539.0,11757.0,22764.0
3,True 1,1913.0,651.0,212.0,37.0,38.0
,True 2,497.0,538.0,270.0,46.0,17.0
,True 3,517.0,946.0,1266.0,584.0,197.0
,True 4,399.0,741.0,2325.0,4590.0,3180.0
,True 5,575.0,712.0,2695.0,11645.0,22774.0
4,True 1,1895.0,661.0,220.0,42.0,33.0
,True 2,510.0,508.0,285.0,43.0,22.0
,True 3,502.0,942.0,1250.0,620.0,196.0
,True 4,363.0,856.0,2390.0,4607.0,3019.0
,True 5,533.0,772.0,2780.0,11613.0,22703.0
5,True 1,1922.0,656.0,209.0,39.0,25.0
,True 2,507.0,526.0,268.0,57.0,10.0
,True 3,504.0,955.0,1194.0,617.0,240.0
,True 4,379.0,859.0,2248.0,4544.0,3205.0
,True 5,485.0,754.0,2486.0,11697.0,22979.0
6,True 1,1920.0,673.0,183.0,39.0,36.0
,True 2,501.0,539.0,257.0,50.0,21.0
,True 3,544.0,927.0,1203.0,625.0,211.0
,True 4,392.0,778.0,2307.0,4676.0,3082.0
,True 5,511.0,704.0,2651.0,11874.0,22661.0
7,True 1,1880.0,680.0,217.0,49.0,25.0
,True 2,512.0,509.0,271.0,48.0,28.0
,True 3,471.0,926.0,1243.0,660.0,210.0
,True 4,363.0,852.0,2377.0,4653.0,2990.0
,True 5,495.0,704.0,2665.0,11987.0,22550.0
8,True 1,1947.0,654.0,199.0,23.0,28.0
,True 2,527.0,521.0,259.0,39.0,21.0
,True 3,506.0,957.0,1220.0,593.0,235.0
,True 4,378.0,829.0,2326.0,4557.0,3145.0
,True 5,484.0,779.0,2722.0,11328.0,23087.0
9,True 1,1919.0,653.0,207.0,45.0,28.0
,True 2,507.0,517.0,275.0,53.0,15.0
,True 3,498.0,971.0,1196.0,635.0,210.0
,True 4,356.0,856.0,2195.0,4709.0,3119.0
,True 5,573.0,765.0,2737.0,11699.0,22626.0
10,True 1,1921.0,638.0,225.0,44.0,24.0
,True 2,557.0,523.0,241.0,31.0,15.0
,True 3,547.0,991.0,1177.0,589.0,206.0
,True 4,388.0,782.0,2392.0,4503.0,3170.0
,True 5,604.0,723.0,2765.0,11295.0,23013.0
