,Rounded RMSE,Rounded MSE,Rounded MAE,Accuracy,Log Loss
0,0.9671047275675476,0.9352915540835004,0.5596966791597664,0.5786455155582673,1.9053778613279015
1,0.9687346324516418,0.9384467881112176,0.5698596705308114,0.5664952497167263,1.810040974159699
2,0.953298027330046,0.9087771289113571,0.5556698335221825,0.5754728492983526,1.9725678232460635
3,0.9698316969656602,0.9405735204392922,0.5627473197942997,0.5747232633138674,1.859759909320468
4,0.9717530643787656,0.9443040181295215,0.5697202126732328,0.5681687440076701,2.0108982431906726
5,0.956456314345634,0.9148086812516343,0.5577965658502572,0.5743223219733287,1.8632991596082693
6,0.9697328322198447,0.9403817658851216,0.5685871175804061,0.5692669746361022,1.9323907764580925
7,0.9659955432212037,0.9331473895232284,0.5644905430140329,0.5706964176762834,1.908402902878574
8,0.9659227525138856,0.9330067638240012,0.5634718638867583,0.5723798898263719,2.0059864846553026
9,0.9563461746239548,0.9145980057178719,0.558625618855031,0.5722055644655184,2.0457070279185863
10,0.9706576522157001,0.9421762778048951,0.5633672686702461,0.5758663970434419,1.9139895238681557
AVG,0.9650757652576257,0.9314101721528765,0.5630938812306385,0.5725675625014482,1.9298564260574351
,,,,,
,,Predicted 1,Predicted 2,Predicted 3,Predicted 4,Predicted 5
AVG,True 1,0.723919018328524,0.20000692742743828,0.05566853185451615,0.008576716428910707,0.011828805960610799
,True 2,0.38480860271758516,0.39656780331711994,0.17993758670134138,0.023995829779720743,0.014690177484232845
,True 3,0.13737041780334291,0.29240335494963804,0.35129900322153235,0.15557742045922052,0.06334980356626611
,True 4,0.029501962212242584,0.0752113929684023,0.20244366225674637,0.392758020795404,0.3000849617672047
,True 5,0.014055133864983789,0.01785477326634092,0.0572242932534901,0.2704352043487661,0.6404305952664191
0,True 1,0.7237026647966339,0.18723702664796635,0.06626928471248247,0.010518934081346423,0.012272089761570827
,True 2,0.39575713240673005,0.37307973664959765,0.1850768105340161,0.02487198244330651,0.02121433796634967
,True 3,0.14843304843304844,0.2985754985754986,0.345014245014245,0.14415954415954416,0.06381766381766382
,True 4,0.030173564753004006,0.07699154428126391,0.1987538940809969,0.3918113039608367,0.30226969292389855
,True 5,0.014010051821567147,0.018749511731465326,0.05593604333220489,0.26009739329704956,0.6512069998177131
1,True 1,0.725008768853034,0.20589266923886357,0.04875482286916871,0.009821115398105928,0.01052262364082778
,True 2,0.385233918128655,0.3932748538011696,0.17470760233918128,0.03508771929824561,0.011695906432748537
,True 3,0.14387464387464388,0.2931623931623932,0.34245014245014244,0.15840455840455842,0.062108262108262105
,True 4,0.02857142857142857,0.08242100578549176,0.19581664441477525,0.3965287049399199,0.2966622162883845
,True 5,0.01390588786750345,0.018046405041535377,0.056717272987682615,0.28022707741985886,0.6311033566834197
2,True 1,0.725008768853034,0.19922834093300595,0.055769905296387236,0.008418098912662224,0.011574886004910558
,True 2,0.36915204678362573,0.4108187134502924,0.1827485380116959,0.023391812865497075,0.013888888888888888
,True 3,0.13874643874643874,0.28176638176638175,0.3581196581196581,0.15356125356125355,0.0678062678062678
,True 4,0.02874944370271473,0.07423230974632844,0.19804183355585225,0.39626168224299063,0.3027147307521139
,True 5,0.01242155152209578,0.01846306085779016,0.05450378896382907,0.27207624801437463,0.6425353506419104
3,True 1,0.7229042441248684,0.20273588214661523,0.051210101718695195,0.009470361276745002,0.013679410733076113
,True 2,0.37646198830409355,0.4071637426900585,0.17543859649122806,0.024853801169590642,0.01608187134502924
,True 3,0.1475783475783476,0.28717948717948716,0.349002849002849,0.15071225071225072,0.06552706552706553
,True 4,0.030084557187360927,0.06809078771695594,0.20275923453493547,0.39724076546506454,0.3018246550956831
,True 5,0.015286060258847425,0.017864118121923907,0.056482904091039295,0.26811801775995414,0.6422488997682352
4,True 1,0.7078218169063486,0.2076464398456682,0.061732725359522976,0.010873377762188706,0.011925640126271484
,True 2,0.3676900584795322,0.41739766081871343,0.1783625730994152,0.02412280701754386,0.012426900584795321
,True 3,0.13133903133903133,0.28917378917378916,0.35498575498575496,0.16125356125356125,0.06324786324786325
,True 4,0.030351579884290165,0.07467734757454383,0.20676457498887404,0.3971517578994215,0.2910547396528705
,True 5,0.014010051821567147,0.018983880628108643,0.05799328142496289,0.27632092914247025,0.6326918569828911
5,True 1,0.7309715889161698,0.20063135741844967,0.047702560505085936,0.007716590669940372,0.012977902490354262
,True 2,0.3896198830409357,0.3881578947368421,0.18201754385964913,0.02631578947368421,0.013888888888888888
,True 3,0.13133903133903133,0.29943019943019944,0.35128205128205126,0.15156695156695157,0.06638176638176638
,True 4,0.02839341344014241,0.07467734757454383,0.20320427236315086,0.387716955941255,0.3060080106809079
,True 5,0.013411109085700893,0.01679643759277102,0.05749850264316034,0.26798781281737455,0.6443061378609932
6,True 1,0.729919326552087,0.2009821115398106,0.05050859347597334,0.008418098912662224,0.010171869519466853
,True 2,0.37646198830409355,0.4064327485380117,0.18055555555555555,0.02046783625730994,0.01608187134502924
,True 3,0.1361823361823362,0.29002849002849,0.35669515669515667,0.1527065527065527,0.06438746438746439
,True 4,0.030974632843791722,0.07316421895861148,0.2070315976858033,0.3907432131731197,0.2980863373386738
,True 5,0.014088174787114919,0.01697872451238249,0.06270670034634515,0.2714252233014765,0.6348011770526809
7,True 1,0.7239565064889513,0.19466853735531392,0.058926692388635564,0.009470361276745002,0.012977902490354262
,True 2,0.3684210526315789,0.38669590643274854,0.2046783625730994,0.02046783625730994,0.019736842105263157
,True 3,0.12336182336182336,0.28376068376068375,0.3678062678062678,0.16524216524216523,0.05982905982905983
,True 4,0.028215398308856252,0.07672452158433467,0.21174899866488653,0.3886960391633289,0.2946150422785937
,True 5,0.014322543683758236,0.017890159110439834,0.05669123199916669,0.27343037941720266,0.6376656857894326
8,True 1,0.7218519817607857,0.20554191511750264,0.05857593826727464,0.004559803577692038,0.009470361276745002
,True 2,0.4133138258961229,0.393562545720556,0.15947329919531822,0.020482809070958303,0.013167520117044623
,True 3,0.12816861293078896,0.3064653944745087,0.34548561663343774,0.15579606949587013,0.06408430646539448
,True 4,0.031330663106364044,0.07645749888740543,0.20516243880729862,0.38522474410324875,0.3018246550956831
,True 5,0.014322916666666666,0.018020833333333333,0.05684895833333333,0.26765625,0.6431510416666667
9,True 1,0.7184431977559608,0.205820476858345,0.05364656381486676,0.008064516129032258,0.014025245441795231
,True 2,0.38039502560351135,0.38917337234820776,0.1916605705925384,0.025603511338697878,0.013167520117044623
,True 3,0.13817663817663817,0.292022792022792,0.337037037037037,0.17464387464387465,0.05811965811965812
,True 4,0.027236315086782377,0.07476635514018691,0.18958611481975968,0.4110369381397419,0.2973742768135291
,True 5,0.013541666666666667,0.01765625,0.05359375,0.27869791666666666,0.6365104166666666
10,True 1,0.7335203366058906,0.1896914446002805,0.05925666199158485,0.0070126227208976155,0.010518934081346423
,True 2,0.41038771031455745,0.39648866130212146,0.1645940014630578,0.018288222384784197,0.010241404535479151
,True 3,0.14387464387464388,0.2948717948717949,0.3564102564102564,0.1433048433048433,0.06153846153846154
,True 4,0.030440587449933245,0.07512238540275923,0.20801068090787717,0.37792612372051626,0.3085002225189141
,True 5,0.015286458333333334,0.016953125,0.060494791666666665,0.25875,0.648515625
,,Predicted 1,Predicted 2,Predicted 3,Predicted 4,Predicted 5
AVG,True 1,2064.090909090909,570.2727272727273,158.72727272727272,24.454545454545453,33.72727272727273
,True 2,526.2727272727273,542.3636363636364,246.0909090909091,32.81818181818182,20.09090909090909
,True 3,482.1818181818182,1026.3636363636363,1233.090909090909,546.0909090909091,222.36363636363637
,True 4,331.45454545454544,845.0,2274.4545454545455,4412.636363636364,3371.4545454545455
,True 5,539.7272727272727,685.6363636363636,2197.4545454545455,10384.90909090909,24593.0
0,True 1,2064.0,534.0,189.0,30.0,35.0
,True 2,541.0,510.0,253.0,34.0,29.0
,True 3,521.0,1048.0,1211.0,506.0,224.0
,True 4,339.0,865.0,2233.0,4402.0,3396.0
,True 5,538.0,720.0,2148.0,9988.0,25007.0
1,True 1,2067.0,587.0,139.0,28.0,30.0
,True 2,527.0,538.0,239.0,48.0,16.0
,True 3,505.0,1029.0,1202.0,556.0,218.0
,True 4,321.0,926.0,2200.0,4455.0,3333.0
,True 5,534.0,693.0,2178.0,10761.0,24235.0
2,True 1,2067.0,568.0,159.0,24.0,33.0
,True 2,505.0,562.0,250.0,32.0,19.0
,True 3,487.0,989.0,1257.0,539.0,238.0
,True 4,323.0,834.0,2225.0,4452.0,3401.0
,True 5,477.0,709.0,2093.0,10448.0,24674.0
3,True 1,2061.0,578.0,146.0,27.0,39.0
,True 2,515.0,557.0,240.0,34.0,22.0
,True 3,518.0,1008.0,1225.0,529.0,230.0
,True 4,338.0,765.0,2278.0,4463.0,3391.0
,True 5,587.0,686.0,2169.0,10296.0,24663.0
4,True 1,2018.0,592.0,176.0,31.0,34.0
,True 2,503.0,571.0,244.0,33.0,17.0
,True 3,461.0,1015.0,1246.0,566.0,222.0
,True 4,341.0,839.0,2323.0,4462.0,3270.0
,True 5,538.0,729.0,2227.0,10611.0,24296.0
5,True 1,2084.0,572.0,136.0,22.0,37.0
,True 2,533.0,531.0,249.0,36.0,19.0
,True 3,461.0,1051.0,1233.0,532.0,233.0
,True 4,319.0,839.0,2283.0,4356.0,3438.0
,True 5,515.0,645.0,2208.0,10291.0,24742.0
6,True 1,2081.0,573.0,144.0,24.0,29.0
,True 2,515.0,556.0,247.0,28.0,22.0
,True 3,478.0,1018.0,1252.0,536.0,226.0
,True 4,348.0,822.0,2326.0,4390.0,3349.0
,True 5,541.0,652.0,2408.0,10423.0,24377.0
7,True 1,2064.0,555.0,168.0,27.0,37.0
,True 2,504.0,529.0,280.0,28.0,27.0
,True 3,433.0,996.0,1291.0,580.0,210.0
,True 4,317.0,862.0,2379.0,4367.0,3310.0
,True 5,550.0,687.0,2177.0,10500.0,24487.0
8,True 1,2058.0,586.0,167.0,13.0,27.0
,True 2,565.0,538.0,218.0,28.0,18.0
,True 3,450.0,1076.0,1213.0,547.0,225.0
,True 4,352.0,859.0,2305.0,4328.0,3391.0
,True 5,550.0,692.0,2183.0,10278.0,24697.0
9,True 1,2049.0,587.0,153.0,23.0,40.0
,True 2,520.0,532.0,262.0,35.0,18.0
,True 3,485.0,1025.0,1183.0,613.0,204.0
,True 4,306.0,840.0,2130.0,4618.0,3341.0
,True 5,520.0,678.0,2058.0,10702.0,24442.0
10,True 1,2092.0,541.0,169.0,20.0,30.0
,True 2,561.0,542.0,225.0,25.0,14.0
,True 3,505.0,1035.0,1251.0,503.0,216.0
,True 4,342.0,844.0,2337.0,4246.0,3466.0
,True 5,587.0,651.0,2323.0,9936.0,24903.0
