,Rounded RMSE,Rounded MSE,Rounded MAE,Accuracy,Log Loss
0,0.9336107551323736,0.8716290420988407,0.5078880850692932,0.6230105465004794,1.0255731930775471
1,0.9323121590022365,0.8692059618234115,0.5095441471280397,0.6198901769371568,1.0302598326276167
2,0.9211670677296122,0.848548766669572,0.5020657195153839,0.6230279787326767,1.0370932398475856
3,0.9423826554500687,0.888085069293123,0.511862634010285,0.6203085505098928,1.0673230674181535
4,0.9397151623871411,0.8830645864202911,0.5121764141898371,0.6187570818443302,1.0328366775125386
5,0.9161765182178458,0.8393794125337749,0.4939771637758215,0.6310119410790552,1.0430681546261855
6,0.9321625642066164,0.8689270461082541,0.5076963305151224,0.6220517737296261,1.0260465347123406
7,0.9243879909696266,0.8544931578488626,0.5029896278218425,0.6228187919463087,1.0387555334652598
8,0.9211372475816109,0.8484938288822258,0.5043755665574228,0.620040443483718,1.0146971878750892
9,0.9251689152747568,0.8559375217906701,0.504183808660484,0.6205459870301931,1.0416705589723287
10,0.948273435719146,0.8992225088905934,0.5154277944355344,0.6198138205146084,1.0366649144666888
AVG,0.9305904065155487,0.866089718396329,0.5065624810617333,0.6219342811189132,1.0358171722364848
,,,,,
,,Predicted 1,Predicted 2,Predicted 3,Predicted 4,Predicted 5
AVG,True 1,0.7513394330770484,0.17669914164746567,0.05133271807879225,0.006057898892921962,0.014570808303771764
,True 2,0.3978369923389751,0.3873960799229348,0.1786732103695874,0.019675249394573307,0.016418467973929415
,True 3,0.13379618472184696,0.280023835990797,0.36518091547997555,0.14524346503839525,0.07575559876898529
,True 4,0.030327305093660238,0.06575231621960594,0.1971436663025448,0.35965529797305495,0.347121414411134
,True 5,0.01579752463142137,0.016038995677491827,0.04651899650656193,0.2007609139854312,0.7208835691990937
0,True 1,0.738078541374474,0.182328190743338,0.05750350631136045,0.007363253856942496,0.014726507713884993
,True 2,0.3972201901975128,0.3862472567666423,0.17849305047549377,0.016825164594001463,0.02121433796634967
,True 3,0.13817663817663817,0.29544159544159543,0.3586894586894587,0.1321937321937322,0.0754985754985755
,True 4,0.0315086782376502,0.06639964396973742,0.20035603026257232,0.3566533155318202,0.34508233199821986
,True 5,0.01583292101768183,0.014843363454076717,0.0502070258587016,0.1941355693862139,0.724981120283326
1,True 1,0.7572781480182392,0.1739740441950193,0.04840406874780779,0.005962820063135742,0.014380918975797966
,True 2,0.3830409356725146,0.3925438596491228,0.1878654970760234,0.016812865497076022,0.019736842105263157
,True 3,0.1398860398860399,0.2792022792022792,0.3561253561253561,0.14586894586894586,0.07891737891737892
,True 4,0.027770360480640854,0.0696039163328883,0.19768580329327992,0.3562082777036048,0.34873164218958613
,True 5,0.015207937293299653,0.01718705242050988,0.04705606624827478,0.2015051691362204,0.7190437749016952
2,True 1,0.7435987372851631,0.18028761837951596,0.055419151175026306,0.004910557699052964,0.01578393546124167
,True 2,0.385233918128655,0.3896198830409357,0.18932748538011696,0.019005847953216373,0.016812865497076022
,True 3,0.12763532763532764,0.2754985754985755,0.37777777777777777,0.13760683760683762,0.08148148148148149
,True 4,0.030084557187360927,0.06969292389853138,0.1956386292834891,0.3499777481085892,0.35460614152202935
,True 5,0.013931928856019375,0.01684851956980287,0.044035311580427595,0.20048957058409939,0.7246946694096508
3,True 1,0.7611364433532094,0.17151876534549282,0.04665029814100315,0.00526131182041389,0.015433181339880744
,True 2,0.3881578947368421,0.3932748538011696,0.17763157894736842,0.02046783625730994,0.02046783625730994
,True 3,0.1358974358974359,0.28376068376068375,0.3595441595441595,0.14985754985754987,0.07094017094017094
,True 4,0.03213173119715176,0.05972407654650645,0.1894971072541166,0.372051624388073,0.3465954606141522
,True 5,0.017577667248248743,0.016874560558318794,0.04591026275357413,0.20522903049399754,0.7144084789458608
4,True 1,0.7383374254647492,0.1887057172921782,0.04875482286916871,0.008067344791301298,0.016134689582602595
,True 2,0.385233918128655,0.3932748538011696,0.18421052631578946,0.024853801169590642,0.012426900584795321
,True 3,0.12877492877492877,0.28347578347578345,0.35698005698005697,0.1603988603988604,0.07037037037037037
,True 4,0.03168669336893636,0.06595460614152203,0.19368046283934134,0.3741878059635069,0.33449043168669335
,True 5,0.017004765500898415,0.016509986719095857,0.0453373610062238,0.20775500638004218,0.7133928803937397
5,True 1,0.7639424763240968,0.16204840406874782,0.0526131182041389,0.005962820063135742,0.015433181339880744
,True 2,0.4137426900584795,0.3676900584795322,0.18640350877192982,0.021929824561403508,0.01023391812865497
,True 3,0.13276353276353275,0.27521367521367524,0.36524216524216524,0.13732193732193732,0.08945868945868946
,True 4,0.027236315086782377,0.06684468179795283,0.1959946595460614,0.3467734757454384,0.36315086782376504
,True 5,0.014765240488528945,0.014765240488528945,0.04734251712194995,0.1851514283482201,0.7379755735527721
6,True 1,0.7541213609259909,0.1739740441950193,0.051210101718695195,0.0056120659417748155,0.015082427218519818
,True 2,0.40058479532163743,0.3925438596491228,0.16593567251461988,0.02046783625730994,0.02046783625730994
,True 3,0.13276353276353275,0.2917378917378917,0.358974358974359,0.1336182336182336,0.0829059829059829
,True 4,0.030262572318647086,0.06497552291944815,0.2030262572318647,0.3499777481085892,0.3517578994214508
,True 5,0.015806880029165908,0.015207937293299653,0.04937371422619203,0.1955417827660738,0.7240696856852686
7,True 1,0.7565766397755174,0.16801122413188355,0.0540161346895826,0.008768853034023149,0.012627148368993335
,True 2,0.36915204678362573,0.3961988304093567,0.19956140350877194,0.019736842105263157,0.015350877192982455
,True 3,0.1259259259259259,0.26353276353276356,0.39344729344729346,0.15128205128205127,0.06581196581196581
,True 4,0.028037383177570093,0.06524254561637739,0.2165554072096128,0.34979973297730305,0.3403649310191366
,True 5,0.015468347178458894,0.015989166948777375,0.046613369443504075,0.20012499674487644,0.7218041196843832
8,True 1,0.7457032620133287,0.18695194668537354,0.052963872325499824,0.003858295334970186,0.01052262364082778
,True 2,0.41916605705925386,0.38697878566203364,0.1623994147768837,0.018288222384784197,0.013167520117044623
,True 3,0.12930788949017374,0.2796923953289661,0.3648533181429792,0.14981486755909998,0.07633152947878097
,True 4,0.029817534490431688,0.0691588785046729,0.19510458388963062,0.3693813974187806,0.3365376056964842
,True 5,0.013880208333333333,0.017708333333333333,0.04388020833333333,0.20885416666666667,0.7156770833333334
9,True 1,0.7471949509116409,0.18197755960729312,0.04873772791023843,0.004908835904628331,0.017180925666199158
,True 2,0.3950256035113387,0.401609363569861,0.1623994147768837,0.02487198244330651,0.016093635698610095
,True 3,0.1433048433048433,0.26866096866096867,0.34643874643874645,0.16866096866096866,0.07293447293447293
,True 4,0.030529595015576325,0.06453048509123276,0.17392078326657767,0.3864708500222519,0.3445482866043614
,True 5,0.015572916666666667,0.015989583333333335,0.04091145833333333,0.21505208333333334,0.7124739583333334
10,True 1,0.758765778401122,0.17391304347826086,0.04838709677419355,0.005960729312762973,0.012973352033660589
,True 2,0.43964886613021215,0.36137527432333577,0.1711777615215801,0.013167520117044623,0.014630577907827359
,True 3,0.13732193732193732,0.28404558404558405,0.3789173789173789,0.13105413105413105,0.06866096866096866
,True 4,0.03453493546951491,0.061148197596795725,0.20712060525144638,0.34472630173564756,0.35246995994659547
,True 5,0.018723958333333332,0.014505208333333333,0.051041666666666666,0.19453125,0.7211979166666667
,,Predicted 1,Predicted 2,Predicted 3,Predicted 4,Predicted 5
AVG,True 1,2142.2727272727275,503.8181818181818,146.36363636363637,17.272727272727273,41.54545454545455
,True 2,544.0909090909091,529.8181818181819,244.36363636363637,26.90909090909091,22.454545454545453
,True 3,469.6363636363636,982.9090909090909,1281.8181818181818,509.8181818181818,265.90909090909093
,True 4,340.72727272727275,738.7272727272727,2214.909090909091,4040.7272727272725,3899.909090909091
,True 5,606.6363636363636,615.9090909090909,1786.3636363636363,7709.363636363636,27682.454545454544
0,True 1,2105.0,520.0,164.0,21.0,42.0
,True 2,543.0,528.0,244.0,23.0,29.0
,True 3,485.0,1037.0,1259.0,464.0,265.0
,True 4,354.0,746.0,2251.0,4007.0,3877.0
,True 5,608.0,570.0,1928.0,7455.0,27840.0
1,True 1,2159.0,496.0,138.0,17.0,41.0
,True 2,524.0,537.0,257.0,23.0,27.0
,True 3,491.0,980.0,1250.0,512.0,277.0
,True 4,312.0,782.0,2221.0,4002.0,3918.0
,True 5,584.0,660.0,1807.0,7738.0,27612.0
2,True 1,2120.0,514.0,158.0,14.0,45.0
,True 2,527.0,533.0,259.0,26.0,23.0
,True 3,448.0,967.0,1326.0,483.0,286.0
,True 4,338.0,783.0,2198.0,3932.0,3984.0
,True 5,535.0,647.0,1691.0,7699.0,27829.0
3,True 1,2170.0,489.0,133.0,15.0,44.0
,True 2,531.0,538.0,243.0,28.0,28.0
,True 3,477.0,996.0,1262.0,526.0,249.0
,True 4,361.0,671.0,2129.0,4180.0,3894.0
,True 5,675.0,648.0,1763.0,7881.0,27434.0
4,True 1,2105.0,538.0,139.0,23.0,46.0
,True 2,527.0,538.0,252.0,34.0,17.0
,True 3,452.0,995.0,1253.0,563.0,247.0
,True 4,356.0,741.0,2176.0,4204.0,3758.0
,True 5,653.0,634.0,1741.0,7978.0,27395.0
5,True 1,2178.0,462.0,150.0,17.0,44.0
,True 2,566.0,503.0,255.0,30.0,14.0
,True 3,466.0,966.0,1282.0,482.0,314.0
,True 4,306.0,751.0,2202.0,3896.0,4080.0
,True 5,567.0,567.0,1818.0,7110.0,28339.0
6,True 1,2150.0,496.0,146.0,16.0,43.0
,True 2,548.0,537.0,227.0,28.0,28.0
,True 3,466.0,1024.0,1260.0,469.0,291.0
,True 4,340.0,730.0,2281.0,3932.0,3952.0
,True 5,607.0,584.0,1896.0,7509.0,27805.0
7,True 1,2157.0,479.0,154.0,25.0,36.0
,True 2,505.0,542.0,273.0,27.0,21.0
,True 3,442.0,925.0,1381.0,531.0,231.0
,True 4,315.0,733.0,2433.0,3930.0,3824.0
,True 5,594.0,614.0,1790.0,7685.0,27718.0
8,True 1,2126.0,533.0,151.0,11.0,30.0
,True 2,573.0,529.0,222.0,25.0,18.0
,True 3,454.0,982.0,1281.0,526.0,268.0
,True 4,335.0,777.0,2192.0,4150.0,3781.0
,True 5,533.0,680.0,1685.0,8020.0,27482.0
9,True 1,2131.0,519.0,139.0,14.0,49.0
,True 2,540.0,549.0,222.0,34.0,22.0
,True 3,503.0,943.0,1216.0,592.0,256.0
,True 4,343.0,725.0,1954.0,4342.0,3871.0
,True 5,598.0,614.0,1571.0,8258.0,27359.0
10,True 1,2164.0,496.0,138.0,17.0,37.0
,True 2,601.0,494.0,234.0,18.0,20.0
,True 3,482.0,997.0,1330.0,460.0,241.0
,True 4,388.0,687.0,2327.0,3873.0,3960.0
,True 5,719.0,557.0,1960.0,7470.0,27694.0
