,Rounded RMSE,Rounded MSE,Rounded MAE,Accuracy,Log Loss
0,0.9285275117171753,0.8621633400156891,0.5130305935675064,0.6147302362067463,1.0392713201030548
1,0.9217913505748445,0.849699293994596,0.5118974984746797,0.6134751154885383,1.054585302699381
2,0.9205612982354531,0.8474331038089428,0.5080972718556611,0.6156715767454023,1.0489191336701427
3,0.9375515326201075,0.8790028763183125,0.514738952322845,0.615131177547285,1.0745960596262507
4,0.9305341679411445,0.8658938377059182,0.5124030332084023,0.615183474243877,1.0459678019101513
5,0.9167091237338186,0.8403556175368256,0.5033905691623812,0.6202388215811034,1.0441432117265448
6,0.9293063086453613,0.8636102152880676,0.5151747581277782,0.6122199947703303,1.039021181610178
7,0.9223679635365885,0.8507626601586333,0.5076963305151224,0.6166477817484529,1.0580103980071247
8,0.9257528498621874,0.8570183390279618,0.5104595216512098,0.6152813611324175,1.0522906356656574
9,0.9249804706419282,0.8555888710689631,0.5097273551356252,0.6140262185342724,1.0564274824964832
10,0.93643412085493,0.8769088627013458,0.5144864374869256,0.6163621783697092,1.0506000135272189
AVG,0.9267742453057763,0.8589488197841142,0.5110093019552852,0.6153607214880122,1.0512575037311078
,,,,,
,,Predicted 1,Predicted 2,Predicted 3,Predicted 4,Predicted 5
AVG,True 1,0.7484695595466502,0.17743297266734084,0.0533412471775429,0.006854933184761109,0.01390128742370494
,True 2,0.39597555075647717,0.3911857087799413,0.17687788250969247,0.01947613041826263,0.016484727535626544
,True 3,0.13340771384063896,0.2814998202637052,0.36916960061363363,0.1456061834301652,0.07031668185185701
,True 4,0.028134482340089816,0.06704697171986893,0.2027430513411822,0.37137193025043497,0.33070356434842413
,True 5,0.014327385618410347,0.015700460669032454,0.0497504676527521,0.21287240327449644,0.7073492827853086
0,True 1,0.7443899018232819,0.1749649368863955,0.05820476858345021,0.008415147265077139,0.014025245441795231
,True 2,0.3986832479882955,0.387710314557425,0.1755669348939283,0.018288222384784197,0.019751280175566936
,True 3,0.14472934472934473,0.2846153846153846,0.3564102564102564,0.14102564102564102,0.07321937321937322
,True 4,0.02874944370271473,0.06684468179795283,0.20480640854472631,0.367601246105919,0.33199821984868716
,True 5,0.013749641936407906,0.015806880029165908,0.05093617353714747,0.21041118720866644,0.7090961172886123
1,True 1,0.7513153279551035,0.18204138898632058,0.04559803577692038,0.00701508242721852,0.01403016485443704
,True 2,0.3845029239766082,0.39035087719298245,0.1834795321637427,0.02046783625730994,0.021198830409356724
,True 3,0.13903133903133902,0.27350427350427353,0.36695156695156694,0.1472934472934473,0.07321937321937322
,True 4,0.02652425456163774,0.07316421895861148,0.2008900756564308,0.3693813974187806,0.3300400534045394
,True 5,0.012213223613968387,0.016223535845420693,0.05208197703184813,0.21434337647457097,0.7051378870341918
2,True 1,0.744300245527885,0.1767800771659067,0.05962820063135742,0.00526131182041389,0.01403016485443704
,True 2,0.3815789473684211,0.39546783625730997,0.18932748538011696,0.015350877192982455,0.01827485380116959
,True 3,0.1301994301994302,0.27863247863247864,0.3800569800569801,0.1398860398860399,0.07122507122507123
,True 4,0.02892745883400089,0.06755674232309747,0.2,0.3681352914997775,0.3353805073431242
,True 5,0.012838207338350564,0.0174214213171532,0.04624879560428114,0.2155673029348194,0.7079242728053957
3,True 1,0.7537706068046299,0.175377060680463,0.04980708523325149,0.006664328305857594,0.014380918975797966
,True 2,0.38669590643274854,0.3830409356725146,0.18932748538011696,0.02266081871345029,0.01827485380116959
,True 3,0.13304843304843306,0.29002849002849,0.3623931623931624,0.14415954415954416,0.07037037037037037
,True 4,0.029283489096573207,0.06159323542501113,0.19724076546506453,0.37712505562972853,0.3347574543836226
,True 5,0.01640582276503216,0.01593708497174553,0.049165386318064636,0.2126507122210359,0.7058409937241218
4,True 1,0.7313223430375307,0.19116099614170468,0.0526131182041389,0.008067344791301298,0.01683619782532445
,True 2,0.3793859649122807,0.40497076023391815,0.18055555555555555,0.021929824561403508,0.013157894736842105
,True 3,0.12735042735042734,0.28575498575498576,0.36923076923076925,0.14957264957264957,0.0680911680911681
,True 4,0.029906542056074768,0.06853582554517133,0.19848687138406765,0.3820204717400979,0.32105028927458834
,True 5,0.014582953568917477,0.016119371891356996,0.04861852555923023,0.21593187677404235,0.704747272206453
5,True 1,0.7555243774114346,0.17362329007365837,0.05050859347597334,0.006313574184496668,0.01403016485443704
,True 2,0.40789473684210525,0.3815789473684211,0.17543859649122806,0.021929824561403508,0.013157894736842105
,True 3,0.12478632478632479,0.2831908831908832,0.3800569800569801,0.13418803418803418,0.07777777777777778
,True 4,0.0258121940364931,0.06800178015131286,0.20249221183800623,0.3635959056519804,0.3400979083222074
,True 5,0.013411109085700893,0.015155855316267805,0.051092419468243014,0.20460404676961538,0.7157365693601729
6,True 1,0.7495615573482989,0.17467555243774113,0.05366538056822168,0.008067344791301298,0.01403016485443704
,True 2,0.3983918128654971,0.3925438596491228,0.17251461988304093,0.01608187134502924,0.02046783625730994
,True 3,0.13532763532763534,0.292022792022792,0.36153846153846153,0.1378917378917379,0.07321937321937322
,True 4,0.027948375611927014,0.0660436137071651,0.2109479305740988,0.36163773920783265,0.33342234089897643
,True 5,0.014140256764146767,0.014895445431108566,0.05301945261842139,0.21186948256555818,0.7060753626207651
7,True 1,0.7530690985619081,0.1687127323746054,0.05822518414591372,0.00701508242721852,0.012977902490354262
,True 2,0.37719298245614036,0.3925438596491228,0.1966374269005848,0.019005847953216373,0.014619883040935672
,True 3,0.1227920227920228,0.25925925925925924,0.401994301994302,0.15527065527065528,0.06068376068376068
,True 4,0.02661326212728082,0.06666666666666667,0.21904761904761905,0.3627948375611927,0.32487761459724074
,True 5,0.014973568396656338,0.013853805890471603,0.05130074737637041,0.21147886773781932,0.7083930105986823
8,True 1,0.7481585408628552,0.184847421957208,0.05156085584005612,0.004559803577692038,0.010873377762188706
,True 2,0.40819312362838334,0.39795171909290417,0.1623994147768837,0.01755669348939283,0.013899049012435992
,True 3,0.12816861293078896,0.2919396183423526,0.36172030760467105,0.14525776132156082,0.0729136998006266
,True 4,0.02874944370271473,0.0691588785046729,0.19973297730307077,0.38228749443702714,0.3200712060525145
,True 5,0.014114583333333333,0.017005208333333334,0.0475,0.216875,0.7045052083333333
9,True 1,0.7429873772791024,0.18127629733520337,0.05329593267882188,0.0070126227208976155,0.015427769985974754
,True 2,0.39941477688368693,0.3928310168251646,0.1667885881492319,0.026335040234089245,0.014630577907827359
,True 3,0.14045584045584045,0.2740740740740741,0.34985754985754985,0.16809116809116809,0.06752136752136752
,True 4,0.026969292389853138,0.0661326212728082,0.18362260792167334,0.3945705384957721,0.3287049399198932
,True 5,0.015026041666666667,0.016015625,0.043203125,0.225078125,0.7006770833333333
10,True 1,0.758765778401122,0.16830294530154277,0.05364656381486676,0.0070126227208976155,0.012272089761570827
,True 2,0.4337966349670812,0.3840526700804682,0.15362106803218728,0.014630577907827359,0.013899049012435992
,True 3,0.1415954415954416,0.28347578347578345,0.37065527065527065,0.13903133903133902,0.06524216524216524
,True 4,0.029995549621717847,0.06381842456608812,0.21290609701824656,0.35594125500667556,0.3373386737872719
,True 5,0.016145833333333335,0.014270833333333333,0.05408854166666666,0.20278645833333334,0.7127083333333334
,,Predicted 1,Predicted 2,Predicted 3,Predicted 4,Predicted 5
AVG,True 1,2134.090909090909,505.90909090909093,152.0909090909091,19.545454545454547,39.63636363636363
,True 2,541.5454545454545,535.0,241.9090909090909,26.636363636363637,22.545454545454547
,True 3,468.27272727272725,988.0909090909091,1295.8181818181818,511.09090909090907,246.8181818181818
,True 4,316.09090909090907,753.2727272727273,2277.818181818182,4172.363636363636,3715.4545454545455
,True 5,550.1818181818181,602.9090909090909,1910.4545454545455,8174.454545454545,27162.727272727272
0,True 1,2123.0,499.0,166.0,24.0,40.0
,True 2,545.0,530.0,240.0,25.0,27.0
,True 3,508.0,999.0,1251.0,495.0,257.0
,True 4,323.0,751.0,2301.0,4130.0,3730.0
,True 5,528.0,607.0,1956.0,8080.0,27230.0
1,True 1,2142.0,519.0,130.0,20.0,40.0
,True 2,526.0,534.0,251.0,28.0,29.0
,True 3,488.0,960.0,1288.0,517.0,257.0
,True 4,298.0,822.0,2257.0,4150.0,3708.0
,True 5,469.0,623.0,2000.0,8231.0,27078.0
2,True 1,2122.0,504.0,170.0,15.0,40.0
,True 2,522.0,541.0,259.0,21.0,25.0
,True 3,457.0,978.0,1334.0,491.0,250.0
,True 4,325.0,759.0,2247.0,4136.0,3768.0
,True 5,493.0,669.0,1776.0,8278.0,27185.0
3,True 1,2149.0,500.0,142.0,19.0,41.0
,True 2,529.0,524.0,259.0,31.0,25.0
,True 3,467.0,1018.0,1272.0,506.0,247.0
,True 4,329.0,692.0,2216.0,4237.0,3761.0
,True 5,630.0,612.0,1888.0,8166.0,27105.0
4,True 1,2085.0,545.0,150.0,23.0,48.0
,True 2,519.0,554.0,247.0,30.0,18.0
,True 3,447.0,1003.0,1296.0,525.0,239.0
,True 4,336.0,770.0,2230.0,4292.0,3607.0
,True 5,560.0,619.0,1867.0,8292.0,27063.0
5,True 1,2154.0,495.0,144.0,18.0,40.0
,True 2,558.0,522.0,240.0,30.0,18.0
,True 3,438.0,994.0,1334.0,471.0,273.0
,True 4,290.0,764.0,2275.0,4085.0,3821.0
,True 5,515.0,582.0,1962.0,7857.0,27485.0
6,True 1,2137.0,498.0,153.0,23.0,40.0
,True 2,545.0,537.0,236.0,22.0,28.0
,True 3,475.0,1025.0,1269.0,484.0,257.0
,True 4,314.0,742.0,2370.0,4063.0,3746.0
,True 5,543.0,572.0,2036.0,8136.0,27114.0
7,True 1,2147.0,481.0,166.0,20.0,37.0
,True 2,516.0,537.0,269.0,26.0,20.0
,True 3,431.0,910.0,1411.0,545.0,213.0
,True 4,299.0,749.0,2461.0,4076.0,3650.0
,True 5,575.0,532.0,1970.0,8121.0,27203.0
8,True 1,2133.0,527.0,147.0,13.0,31.0
,True 2,558.0,544.0,222.0,24.0,19.0
,True 3,450.0,1025.0,1270.0,510.0,256.0
,True 4,323.0,777.0,2244.0,4295.0,3596.0
,True 5,542.0,653.0,1824.0,8328.0,27053.0
9,True 1,2119.0,517.0,152.0,20.0,44.0
,True 2,546.0,537.0,228.0,36.0,20.0
,True 3,493.0,962.0,1228.0,590.0,237.0
,True 4,303.0,743.0,2063.0,4433.0,3693.0
,True 5,577.0,615.0,1659.0,8643.0,26906.0
10,True 1,2164.0,480.0,153.0,20.0,35.0
,True 2,593.0,525.0,210.0,20.0,19.0
,True 3,497.0,995.0,1301.0,488.0,229.0
,True 4,337.0,717.0,2392.0,3999.0,3790.0
,True 5,620.0,548.0,2077.0,7787.0,27368.0
