,Rounded RMSE,Rounded MSE,Rounded MAE,Accuracy,Log Loss
0,1.1275416295568352,1.2713501263836835,0.7050117667567332,0.5041052906824719,5.690054582111285
1,1.1344544233527811,1.286986838664691,0.7075394404253464,0.5006537087074,5.671999823904972
2,1.1198314549875505,1.2540224875795345,0.6964002440512508,0.5052906824718906,5.648570163749839
3,1.1364656103465658,1.2915540835003922,0.7087945611435544,0.5020657195153839,5.671092558779503
4,1.1268843714627113,1.26986838664691,0.7052383857752985,0.501908829425608,5.7166983368723905
5,1.1340317746403041,1.2860280658938377,0.7073825503355705,0.5005665475464133,5.579599245786029
6,1.129017131284275,1.274679682733374,0.7090386123943171,0.49723699119672277,5.616057960832904
7,1.1456928995131157,1.3126122199947703,0.7095267148958424,0.5048897411313519,5.655144147469123
8,1.108772884684249,1.2293773098110312,0.6967087371870859,0.5016037933198522,5.584507637543796
9,1.1441803157446782,1.3091485949375916,0.7122585593752179,0.5004183808660484,5.8039747589031245
10,1.1299684389554219,1.276828673035353,0.7013109267136183,0.5050903005369222,5.538864796648808
AVG,1.1306219031389535,1.2784051335619244,0.7053827726412577,0.5021663623090968,5.652414910236525
,,,,,
,,Predicted 1,Predicted 2,Predicted 3,Predicted 4,Predicted 5
AVG,True 1,0.6950001169478551,0.22376002067584408,0.05866616476731872,0.01170141553415452,0.010872282074827577
,True 2,0.40368441081200485,0.3772934655918909,0.1716943722054799,0.03250447142662135,0.014823279964003021
,True 3,0.17663383906619454,0.2882340335487587,0.3211260484402039,0.1557585657272356,0.05824751321760721
,True 4,0.04727110895335195,0.08988954970263383,0.22516486628636165,0.37115345713476555,0.2665210179228871
,True 5,0.024930870423000347,0.025515617429371716,0.09806394091003785,0.304314794886773,0.5471747763508171
0,True 1,0.6995091164095372,0.21493688639551192,0.06311360448807854,0.010518934081346423,0.011921458625525946
,True 2,0.401609363569861,0.37527432333577176,0.17190929041697148,0.03730797366495977,0.013899049012435992
,True 3,0.18205128205128204,0.29715099715099713,0.3225071225071225,0.13931623931623932,0.05897435897435897
,True 4,0.04361370716510903,0.09078771695594126,0.22999554962171784,0.3628838451268358,0.27271918113039606
,True 5,0.022265045181115075,0.027134710033592874,0.10598682325981094,0.292518423999375,0.5520949975261061
1,True 1,0.6958961767800772,0.2265871623991582,0.05366538056822168,0.012977902490354262,0.010873377762188706
,True 2,0.4027777777777778,0.3676900584795322,0.17763157894736842,0.03508771929824561,0.016812865497076022
,True 3,0.18404558404558405,0.2962962962962963,0.30455840455840455,0.16011396011396012,0.05498575498575498
,True 4,0.04966622162883845,0.09185580774365822,0.21753449043168668,0.37605696484201157,0.2648865153538051
,True 5,0.026301398401083306,0.024374365250904924,0.0947891981979636,0.30926277961511417,0.545272258534934
2,True 1,0.687127323746054,0.222728867064188,0.06944931602946335,0.011574886004910558,0.009119607155384075
,True 2,0.39035087719298245,0.40058479532163743,0.1608187134502924,0.03654970760233918,0.011695906432748537
,True 3,0.16125356125356125,0.288034188034188,0.3267806267806268,0.15754985754985754,0.06638176638176638
,True 4,0.042901646639964396,0.09185580774365822,0.21753449043168668,0.3735647530040053,0.27414330218068533
,True 5,0.024348324262389,0.026301398401083306,0.09182052550714825,0.30715345954532436,0.5503762922840552
3,True 1,0.6990529638723255,0.22167660470010522,0.057523675903191865,0.009119607155384075,0.012627148368993335
,True 2,0.3742690058479532,0.402046783625731,0.1703216374269006,0.031432748538011694,0.021929824561403508
,True 3,0.1683760683760684,0.2866096866096866,0.3356125356125356,0.1581196581196581,0.05128205128205128
,True 4,0.04699599465954606,0.08820649755229194,0.22251891410769917,0.3814864263462394,0.2607921673342234
,True 5,0.02536392281451004,0.026171193458503685,0.10205463399390641,0.30491393453295484,0.541496315200125
4,True 1,0.6699403717993686,0.24096808137495615,0.06068046299544019,0.016134689582602595,0.012276394247632409
,True 2,0.41739766081871343,0.36330409356725146,0.1827485380116959,0.02850877192982456,0.00804093567251462
,True 3,0.1789173789173789,0.28774928774928776,0.313960113960114,0.16125356125356125,0.05811965811965812
,True 4,0.048776145972407654,0.08918558077436582,0.23088562527814865,0.3718736092567868,0.25927903871829105
,True 5,0.022968151871045023,0.024895185021223405,0.10322647847712299,0.2993151220020312,0.5495950626285774
5,True 1,0.7022097509645738,0.22588565415643633,0.05436688881094353,0.010171869519466853,0.0073658365485794455
,True 2,0.4057017543859649,0.3757309941520468,0.18494152046783627,0.02412280701754386,0.009502923976608187
,True 3,0.1792022792022792,0.28005698005698004,0.3227920227920228,0.16011396011396012,0.05783475783475783
,True 4,0.05011125945705385,0.08704939919893191,0.22857142857142856,0.3689363595905652,0.26533155318202045
,True 5,0.026405562355147003,0.024947266998255255,0.09635165750891904,0.30749199239603137,0.5448035207416474
6,True 1,0.7043142756927394,0.22623640827779726,0.04594878989828131,0.012977902490354262,0.01052262364082778
,True 2,0.4027777777777778,0.3742690058479532,0.16739766081871346,0.04093567251461988,0.014619883040935672
,True 3,0.1831908831908832,0.28917378917378916,0.3076923076923077,0.15840455840455842,0.06153846153846154
,True 4,0.04895416110369381,0.08713840676457499,0.22394303515798844,0.3728526924788607,0.2671117044948821
,True 5,0.023801463503554596,0.024791021067159708,0.10046613369443504,0.3109814848571652,0.5399598968776855
7,True 1,0.6878288319887759,0.22237811294282708,0.06488951245177131,0.013679410733076113,0.011224131883549631
,True 2,0.40423976608187134,0.35453216374269003,0.1878654970760234,0.033625730994152045,0.019736842105263157
,True 3,0.1700854700854701,0.2792022792022792,0.3339031339031339,0.16182336182336182,0.05498575498575498
,True 4,0.05028927458834001,0.08847352024922119,0.2263462394303516,0.37303070761014684,0.26186025812194036
,True 5,0.02887945626415979,0.024582693159032318,0.09666414937111013,0.29900263013984013,0.5508710710658576
8,True 1,0.6972991932655209,0.21290775166608208,0.06839705366538057,0.010171869519466853,0.011224131883549631
,True 2,0.4133138258961229,0.37527432333577176,0.16313094367227504,0.03218727139722019,0.016093635698610095
,True 3,0.16747365422956423,0.28396468242665907,0.32326972372543433,0.16177727143264028,0.06351466818570208
,True 4,0.040142412105028925,0.09247886070315976,0.234623943035158,0.3649310191366266,0.2678237650200267
,True 5,0.019401041666666667,0.027838541666666668,0.09932291666666666,0.3055729166666667,0.5478645833333333
9,True 1,0.6942496493688639,0.22475455820476858,0.05750350631136045,0.009817671809256662,0.01367461430575035
,True 2,0.4074615947329919,0.3913679590343819,0.15581565471836137,0.029261155815654718,0.016093635698610095
,True 3,0.1866096866096866,0.2868945868945869,0.3128205128205128,0.15413105413105413,0.05954415954415954
,True 4,0.048598130841121495,0.09034267912772585,0.21495327102803738,0.38015131286159326,0.26595460614152205
,True 5,0.028671875,0.023541666666666666,0.09627604166666667,0.30927083333333333,0.5422395833333333
10,True 1,0.7075736325385694,0.22230014025245443,0.04978962131837307,0.011570827489481066,0.00876577840112202
,True 2,0.42062911485003657,0.3701536210680322,0.16605705925384054,0.02852962692026335,0.014630577907827359
,True 3,0.18176638176638177,0.29544159544159543,0.3284900284900285,0.14074074074074075,0.05356125356125356
,True 4,0.04993324432576769,0.09141076991544281,0.22990654205607478,0.35692033822874947,0.27182910547396527
,True 5,0.025833333333333333,0.02609375,0.09174479166666667,0.3019791666666667,0.5543489583333333
,,Predicted 1,Predicted 2,Predicted 3,Predicted 4,Predicted 5
AVG,True 1,1981.6363636363637,638.0,167.27272727272728,33.36363636363637,31.0
,True 2,552.0909090909091,516.0,234.8181818181818,44.45454545454545,20.272727272727273
,True 3,620.0,1011.7272727272727,1127.1818181818182,546.7272727272727,204.45454545454547
,True 4,531.0909090909091,1009.9090909090909,2529.7272727272725,4169.909090909091,2994.3636363636365
,True 5,957.3636363636364,979.8181818181819,3765.7272727272725,11685.90909090909,21011.909090909092
0,True 1,1995.0,613.0,180.0,30.0,34.0
,True 2,549.0,513.0,235.0,51.0,19.0
,True 3,639.0,1043.0,1132.0,489.0,207.0
,True 4,490.0,1020.0,2584.0,4077.0,3064.0
,True 5,855.0,1042.0,4070.0,11233.0,21201.0
1,True 1,1984.0,646.0,153.0,37.0,31.0
,True 2,551.0,503.0,243.0,48.0,23.0
,True 3,646.0,1040.0,1069.0,562.0,193.0
,True 4,558.0,1032.0,2444.0,4225.0,2976.0
,True 5,1010.0,936.0,3640.0,11876.0,20939.0
2,True 1,1959.0,635.0,198.0,33.0,26.0
,True 2,534.0,548.0,220.0,50.0,16.0
,True 3,566.0,1011.0,1147.0,553.0,233.0
,True 4,482.0,1032.0,2444.0,4197.0,3080.0
,True 5,935.0,1010.0,3526.0,11795.0,21135.0
3,True 1,1993.0,632.0,164.0,26.0,36.0
,True 2,512.0,550.0,233.0,43.0,30.0
,True 3,591.0,1006.0,1178.0,555.0,180.0
,True 4,528.0,991.0,2500.0,4286.0,2930.0
,True 5,974.0,1005.0,3919.0,11709.0,20794.0
4,True 1,1910.0,687.0,173.0,46.0,35.0
,True 2,571.0,497.0,250.0,39.0,11.0
,True 3,628.0,1010.0,1102.0,566.0,204.0
,True 4,548.0,1002.0,2594.0,4178.0,2913.0
,True 5,882.0,956.0,3964.0,11494.0,21105.0
5,True 1,2002.0,644.0,155.0,29.0,21.0
,True 2,555.0,514.0,253.0,33.0,13.0
,True 3,629.0,983.0,1133.0,562.0,203.0
,True 4,563.0,978.0,2568.0,4145.0,2981.0
,True 5,1014.0,958.0,3700.0,11808.0,20921.0
6,True 1,2008.0,645.0,131.0,37.0,30.0
,True 2,551.0,512.0,229.0,56.0,20.0
,True 3,643.0,1015.0,1080.0,556.0,216.0
,True 4,550.0,979.0,2516.0,4189.0,3001.0
,True 5,914.0,952.0,3858.0,11942.0,20735.0
7,True 1,1961.0,634.0,185.0,39.0,32.0
,True 2,553.0,485.0,257.0,46.0,27.0
,True 3,597.0,980.0,1172.0,568.0,193.0
,True 4,565.0,994.0,2543.0,4191.0,2942.0
,True 5,1109.0,944.0,3712.0,11482.0,21154.0
8,True 1,1988.0,607.0,195.0,29.0,32.0
,True 2,565.0,513.0,223.0,44.0,22.0
,True 3,588.0,997.0,1135.0,568.0,223.0
,True 4,451.0,1039.0,2636.0,4100.0,3009.0
,True 5,745.0,1069.0,3814.0,11734.0,21038.0
9,True 1,1980.0,641.0,164.0,28.0,39.0
,True 2,557.0,535.0,213.0,40.0,22.0
,True 3,655.0,1007.0,1098.0,541.0,209.0
,True 4,546.0,1015.0,2415.0,4271.0,2988.0
,True 5,1101.0,904.0,3697.0,11876.0,20822.0
10,True 1,2018.0,634.0,142.0,33.0,25.0
,True 2,575.0,506.0,227.0,39.0,20.0
,True 3,638.0,1037.0,1153.0,494.0,188.0
,True 4,561.0,1027.0,2583.0,4010.0,3054.0
,True 5,992.0,1002.0,3523.0,11596.0,21287.0
