,Rounded RMSE,Rounded MSE,Rounded MAE,Accuracy,Log Loss
0,0.9389821297962501,0.8816874400767019,0.5289985182602632,0.5991981173189227,1.493127384405728
1,0.9432516626646742,0.8897236991196723,0.5343850780092391,0.5961474766843894,1.4137208392664602
2,0.9285556723817269,0.862215636712281,0.5265057090560447,0.5971236816874401,1.5269899465221082
3,0.9436766298901068,0.8905255818007496,0.5314913274644818,0.598797175978384,1.4651849950768374
4,0.9429189460184625,0.8890961387605683,0.5307940381765885,0.5989714983003573,1.4853924727249643
5,0.9260930794885468,0.8576483918765798,0.5209622592172928,0.6026845637583893,1.4645883460267097
6,0.9434456931884401,0.8900897759958163,0.5364943781051164,0.5930096748888695,1.4208498368004012
7,0.9445629021360586,0.8921990760916936,0.5318399721084285,0.5994073041052906,1.3772377472405533
8,0.9368621880304872,0.8777107593612719,0.5300711247472282,0.5977790949027264,1.3855801575995765
9,0.941928300914604,0.8872289240638728,0.5382992817795133,0.5884003904888083,1.5154386767316974
10,0.9506602801594186,0.9037549682727843,0.5350219649954675,0.5982672059131162,1.3644546459314764
AVG,0.9400852258789797,0.8838073083756356,0.5313512410836059,0.5972532894569722,1.4465968225751376
,,,,,
,,Predicted 1,Predicted 2,Predicted 3,Predicted 4,Predicted 5
AVG,True 1,0.72382346991844,0.19567047636416765,0.059048570836836366,0.008512842327950139,0.01294464055260567
,True 2,0.37683154456823265,0.39165093548972957,0.1893088179760878,0.024461056489509112,0.01774764547644076
,True 3,0.1268294392190718,0.2872494637234028,0.3559608751007213,0.1565356550261136,0.07342456693069055
,True 4,0.02811020754945989,0.07097139620504106,0.19086458712626939,0.37890520694259017,0.33114860217663955
,True 5,0.013430146318297425,0.01847976161447816,0.04868042857696651,0.2382933231176705,0.6811163403725874
0,True 1,0.7212482468443198,0.1935483870967742,0.0620617110799439,0.008415147265077139,0.014726507713884993
,True 2,0.3884418434528164,0.3701536210680322,0.1894659839063643,0.029261155815654718,0.02267739575713241
,True 3,0.13333333333333333,0.29772079772079774,0.349002849002849,0.14985754985754987,0.07008547008547009
,True 4,0.027681352914997775,0.06906987093902982,0.18976412995104583,0.37792612372051626,0.3355585224744103
,True 5,0.013567355016796437,0.018410978880758315,0.047186271190854404,0.23494179839066692,0.685893596520924
1,True 1,0.7309715889161698,0.19607155384075764,0.05050859347597334,0.009119607155384075,0.013328656611715188
,True 2,0.3706140350877193,0.38742690058479534,0.1966374269005848,0.02412280701754386,0.021198830409356724
,True 3,0.13276353276353275,0.29943019943019944,0.33418803418803417,0.15726495726495726,0.07635327635327635
,True 4,0.028215398308856252,0.07770360480640855,0.1811303960836671,0.37676902536715623,0.33618157543391186
,True 5,0.012734043384286867,0.01955678237545897,0.04887893544438947,0.23712924142600453,0.6817009973698601
2,True 1,0.7162399158190109,0.19887758681164502,0.06453875833041038,0.006313574184496668,0.01403016485443704
,True 2,0.3611111111111111,0.3991228070175439,0.19444444444444445,0.02631578947368421,0.019005847953216373
,True 3,0.11965811965811966,0.28717948717948716,0.3564102564102564,0.15840455840455842,0.07834757834757834
,True 4,0.02866043613707165,0.07165109034267912,0.18486871384067646,0.37142857142857144,0.34339118825100134
,True 5,0.011431993958490665,0.019114085570688263,0.04518111507512825,0.24090518476081352,0.6833676206348793
3,True 1,0.7348298842511399,0.18589968432129078,0.05647141353910908,0.008418098912662224,0.014380918975797966
,True 2,0.3508771929824561,0.41228070175438597,0.19078947368421054,0.024853801169590642,0.021198830409356724
,True 3,0.12621082621082622,0.28376068376068375,0.36153846153846153,0.1544159544159544,0.07407407407407407
,True 4,0.0267022696929239,0.06987093902981753,0.18362260792167334,0.39706275033377836,0.32274143302180686
,True 5,0.013931928856019375,0.01934845446733158,0.04872268951329393,0.24194682430145048,0.6760501028619046
4,True 1,0.7046650298141003,0.21080322693791653,0.05962820063135742,0.011224131883549631,0.013679410733076113
,True 2,0.37207602339181284,0.38596491228070173,0.19956140350877194,0.027777777777777776,0.014619883040935672
,True 3,0.12478632478632479,0.28205128205128205,0.3572649572649573,0.16666666666666666,0.06923076923076923
,True 4,0.027770360480640854,0.07245215843346685,0.18923008455718737,0.3912772585669782,0.31927013796172676
,True 5,0.014140256764146767,0.0188276346970131,0.047420640087497724,0.23804067602406187,0.6815707924272806
5,True 1,0.7327253595229744,0.19501929147667485,0.05366538056822168,0.006664328305857594,0.011925640126271484
,True 2,0.3845029239766082,0.37792397660818716,0.19809941520467836,0.027777777777777776,0.011695906432748537
,True 3,0.12706552706552707,0.27521367521367524,0.3683760683760684,0.1492877492877493,0.08005698005698006
,True 4,0.02643524699599466,0.07147307521139297,0.18958611481975968,0.37472185135736535,0.3377837116154873
,True 5,0.012864248326866487,0.016874560558318794,0.04760292700710919,0.2335095440222911,0.6891487200854144
6,True 1,0.7316730971588916,0.19256401262714837,0.05471764293230445,0.010171869519466853,0.010873377762188706
,True 2,0.38084795321637427,0.39473684210526316,0.1834795321637427,0.019005847953216373,0.021929824561403508
,True 3,0.1284900284900285,0.29914529914529914,0.3433048433048433,0.1544159544159544,0.07464387464387465
,True 4,0.028215398308856252,0.06862483311081442,0.19314641744548286,0.37570093457943926,0.3343124165554072
,True 5,0.013463191062732742,0.018046405041535377,0.05158719825004557,0.24072289784120204,0.6761803078044842
7,True 1,0.7222027358821466,0.19151175026306558,0.06524026657313224,0.009470361276745002,0.011574886004910558
,True 2,0.36403508771929827,0.38742690058479534,0.20029239766081872,0.029239766081871343,0.019005847953216373
,True 3,0.11937321937321937,0.2706552706552707,0.3800569800569801,0.1623931623931624,0.06752136752136752
,True 4,0.02883845126835781,0.07271918113039609,0.2052514463729417,0.3737427681352915,0.3194481530930129
,True 5,0.014062133798598995,0.01851514283482201,0.050389312778313065,0.23311892919455224,0.6839144813937137
8,True 1,0.7165906699403718,0.20343739038933709,0.06699403717993686,0.00350754121360926,0.009470361276745002
,True 2,0.39063643013899046,0.39795171909290417,0.1755669348939283,0.021945866861741038,0.013899049012435992
,True 3,0.11535175163771005,0.29820563941896894,0.35061236115066935,0.1583594417544859,0.07747080603816577
,True 4,0.029372496662216287,0.06817979528259902,0.20258121940364932,0.36991544281263905,0.3299510458388963
,True 5,0.01265625,0.019244791666666667,0.050390625,0.23236979166666666,0.6853385416666666
9,True 1,0.7237026647966339,0.19284712482468444,0.05855539971949509,0.009817671809256662,0.015077138849929873
,True 2,0.3723482077542063,0.41038771031455745,0.17776152158010242,0.02487198244330651,0.014630577907827359
,True 3,0.13732193732193732,0.27891737891737894,0.34245014245014244,0.1683760683760684,0.07293447293447293
,True 4,0.027236315086782377,0.0700489541611037,0.17881619937694704,0.39483756119270136,0.3290609701824655
,True 5,0.013411458333333333,0.018541666666666668,0.045208333333333336,0.25903645833333333,0.6638020833333333
10,True 1,0.7272089761570828,0.19179523141654978,0.057152875175315566,0.010518934081346423,0.01332398316970547
,True 2,0.40965618141916604,0.3847841989758595,0.17629846378931968,0.013899049012435992,0.015362106803218726
,True 3,0.13076923076923078,0.28746438746438746,0.37236467236467236,0.14245014245014245,0.06695156695156695
,True 4,0.030084557187360927,0.06889185580774365,0.20151312861593235,0.3645749888740543,0.33493546951490877
,True 5,0.01546875,0.016796875,0.05291666666666667,0.22950520833333332,0.6853125
,,Predicted 1,Predicted 2,Predicted 3,Predicted 4,Predicted 5
AVG,True 1,2063.818181818182,557.9090909090909,168.36363636363637,24.272727272727273,36.90909090909091
,True 2,515.3636363636364,535.6363636363636,258.90909090909093,33.45454545454545,24.272727272727273
,True 3,445.1818181818182,1008.2727272727273,1249.4545454545455,549.4545454545455,257.72727272727275
,True 4,315.8181818181818,797.3636363636364,2144.3636363636365,4257.0,3720.4545454545455
,True 5,515.7272727272727,709.6363636363636,1869.3636363636363,9150.636363636364,26155.363636363636
0,True 1,2057.0,552.0,177.0,24.0,42.0
,True 2,531.0,506.0,259.0,40.0,31.0
,True 3,468.0,1045.0,1225.0,526.0,246.0
,True 4,311.0,776.0,2132.0,4246.0,3770.0
,True 5,521.0,707.0,1812.0,9022.0,26339.0
1,True 1,2084.0,559.0,144.0,26.0,38.0
,True 2,507.0,530.0,269.0,33.0,29.0
,True 3,466.0,1051.0,1173.0,552.0,268.0
,True 4,317.0,873.0,2035.0,4233.0,3777.0
,True 5,489.0,751.0,1877.0,9106.0,26178.0
2,True 1,2042.0,567.0,184.0,18.0,40.0
,True 2,494.0,546.0,266.0,36.0,26.0
,True 3,420.0,1008.0,1251.0,556.0,275.0
,True 4,322.0,805.0,2077.0,4173.0,3858.0
,True 5,439.0,734.0,1735.0,9251.0,26242.0
3,True 1,2095.0,530.0,161.0,24.0,41.0
,True 2,480.0,564.0,261.0,34.0,29.0
,True 3,443.0,996.0,1269.0,542.0,260.0
,True 4,300.0,785.0,2063.0,4461.0,3626.0
,True 5,535.0,743.0,1871.0,9291.0,25961.0
4,True 1,2009.0,601.0,170.0,32.0,39.0
,True 2,509.0,528.0,273.0,38.0,20.0
,True 3,438.0,990.0,1254.0,585.0,243.0
,True 4,312.0,814.0,2126.0,4396.0,3587.0
,True 5,543.0,723.0,1821.0,9141.0,26173.0
5,True 1,2089.0,556.0,153.0,19.0,34.0
,True 2,526.0,517.0,271.0,38.0,16.0
,True 3,446.0,966.0,1293.0,524.0,281.0
,True 4,297.0,803.0,2130.0,4210.0,3795.0
,True 5,494.0,648.0,1828.0,8967.0,26464.0
6,True 1,2086.0,549.0,156.0,29.0,31.0
,True 2,521.0,540.0,251.0,26.0,30.0
,True 3,451.0,1050.0,1205.0,542.0,262.0
,True 4,317.0,771.0,2170.0,4221.0,3756.0
,True 5,517.0,693.0,1981.0,9244.0,25966.0
7,True 1,2059.0,546.0,186.0,27.0,33.0
,True 2,498.0,530.0,274.0,40.0,26.0
,True 3,419.0,950.0,1334.0,570.0,237.0
,True 4,324.0,817.0,2306.0,4199.0,3589.0
,True 5,540.0,711.0,1935.0,8952.0,26263.0
8,True 1,2043.0,580.0,191.0,10.0,27.0
,True 2,534.0,544.0,240.0,30.0,19.0
,True 3,405.0,1047.0,1231.0,556.0,272.0
,True 4,330.0,766.0,2276.0,4156.0,3707.0
,True 5,486.0,739.0,1935.0,8923.0,26317.0
9,True 1,2064.0,550.0,167.0,28.0,43.0
,True 2,509.0,561.0,243.0,34.0,20.0
,True 3,482.0,979.0,1202.0,591.0,256.0
,True 4,306.0,787.0,2009.0,4436.0,3697.0
,True 5,515.0,712.0,1736.0,9947.0,25490.0
10,True 1,2074.0,547.0,163.0,30.0,38.0
,True 2,560.0,526.0,241.0,19.0,21.0
,True 3,459.0,1009.0,1307.0,500.0,235.0
,True 4,338.0,774.0,2264.0,4096.0,3763.0
,True 5,594.0,645.0,2032.0,8813.0,26316.0
