,Rounded RMSE,Rounded MSE,Rounded MAE,Accuracy,Log Loss
0,0.936798198925643,0.8775908655103286,0.5182776954589036,0.612150265841541,1.1740132687615557
1,0.9344132993851336,0.8731282140678114,0.5207182079665301,0.6081408524361545,1.2043830891340666
2,0.9155293664019502,0.8381940207443563,0.5069467445306372,0.6147825329033383,1.210417272284059
3,0.9445352187161162,0.8921467793951016,0.5230715593131701,0.6092390830645864,1.230174550318708
4,0.9377653318708531,0.8794038176588512,0.5176501350997995,0.6116272988756211,1.2273547224167876
5,0.9169943208672263,0.8408785845027456,0.5044365030942212,0.6187570818443302,1.2288161940343065
6,0.928959214764979,0.8629652226967663,0.5155059705395276,0.6101106946744531,1.1581967020298225
7,0.9273251933892611,0.8599320142944304,0.513065458031901,0.6128824195938289,1.1537920613402939
8,0.9279064553022072,0.8610103897915069,0.5157067150129001,0.6104351161006903,1.1958778357964288
9,0.9310292284928161,0.8668154243079284,0.5161425284150338,0.610121330451154,1.2296514012904258
10,0.9398531991650368,0.8833240359807545,0.5176242939822886,0.613607837668224,1.158510830236109
AVG,0.9310099115710202,0.8668535789955073,0.5153768919495375,0.6119867739503565,1.1973807206947784
,,,,,
,,Predicted 1,Predicted 2,Predicted 3,Predicted 4,Predicted 5
AVG,True 1,0.7389365875635551,0.1869660564552689,0.053373133915848435,0.007588272263372117,0.013135949801955628
,True 2,0.38939441580164635,0.39058737959038276,0.18292743396697506,0.020539102961233634,0.016551667679762242
,True 3,0.1284092744075655,0.28818191629356543,0.3605449583803329,0.1511485750449009,0.07171527587363531
,True 4,0.028878909252741027,0.06858437512643122,0.19635878140551039,0.3697697940688595,0.3364081401464579
,True 5,0.014291872466922028,0.016860475120794676,0.048481563954201785,0.21607072635073818,0.7042953621073434
0,True 1,0.7279102384291725,0.1879382889200561,0.06030855539971949,0.00876577840112202,0.015077138849929873
,True 2,0.3833211411850768,0.38917337234820776,0.18580833942940747,0.018288222384784197,0.023408924652523776
,True 3,0.13504273504273503,0.29743589743589743,0.3575498575498576,0.1358974358974359,0.07407407407407407
,True 4,0.029105473965287048,0.06924788607031598,0.197774810858923,0.370983533600356,0.33288829550511795
,True 5,0.014504830603369705,0.0166662326501914,0.050128902893153825,0.21337985989948177,0.7053201739538033
1,True 1,0.7446509996492459,0.18940722553490003,0.04594878989828131,0.00701508242721852,0.012977902490354262
,True 2,0.3706140350877193,0.3888888888888889,0.20321637426900585,0.021929824561403508,0.015350877192982455
,True 3,0.1339031339031339,0.2931623931623932,0.34814814814814815,0.15014245014245015,0.07464387464387465
,True 4,0.028215398308856252,0.07441032487761459,0.1917222963951936,0.3615487316421896,0.34410324877614595
,True 5,0.013489232051248665,0.018046405041535377,0.04937371422619203,0.21736413114241818,0.7017265175386058
2,True 1,0.7316730971588916,0.1890564714135391,0.06068046299544019,0.00701508242721852,0.011574886004910558
,True 2,0.38011695906432746,0.3932748538011696,0.19005847953216373,0.01827485380116959,0.01827485380116959
,True 3,0.11737891737891738,0.28062678062678065,0.37407407407407406,0.14786324786324787,0.08005698005698006
,True 4,0.028215398308856252,0.06684468179795283,0.19768580329327992,0.36181575433911883,0.34543836226079216
,True 5,0.01210905965990469,0.017239134397541732,0.04684773834014739,0.21379651571573657,0.7100075518866696
3,True 1,0.7471062784987723,0.18309365135040337,0.04875482286916871,0.006664328305857594,0.014380918975797966
,True 2,0.3757309941520468,0.3961988304093567,0.1878654970760234,0.021198830409356724,0.019005847953216373
,True 3,0.13333333333333333,0.28917378917378916,0.3623931623931624,0.145014245014245,0.07008547008547009
,True 4,0.03115264797507788,0.0634623943035158,0.1912772585669782,0.37703604806408547,0.3370716510903427
,True 5,0.015754798052134058,0.017265175386057655,0.05054555870940861,0.2193432462696284,0.6970912215827713
4,True 1,0.7278148018239214,0.19642230796211854,0.05156085584005612,0.008768853034023149,0.015433181339880744
,True 2,0.3823099415204678,0.3961988304093567,0.18421052631578946,0.025584795321637425,0.011695906432748537
,True 3,0.12478632478632479,0.28917378917378916,0.3558404558404558,0.1675213675213675,0.06267806267806268
,True 4,0.030885625278148643,0.06711170449488206,0.1959946595460614,0.3820204717400979,0.32398753894080995
,True 5,0.015286060258847425,0.01768183120231244,0.046743574386083696,0.21905679539595324,0.7012317387568032
5,True 1,0.7481585408628552,0.18589968432129078,0.044896527534198524,0.009821115398105928,0.011224131883549631
,True 2,0.40131578947368424,0.3786549707602339,0.18567251461988304,0.021198830409356724,0.013157894736842105
,True 3,0.1259259259259259,0.2863247863247863,0.3606837606837607,0.1475783475783476,0.07948717948717948
,True 4,0.027503337783711616,0.07049399198931909,0.19376947040498443,0.35950155763239877,0.34873164218958613
,True 5,0.013306945131637197,0.015598552121038514,0.04843623863961876,0.20551548136767273,0.7171427827400328
6,True 1,0.7404419501929148,0.1887057172921782,0.051210101718695195,0.006313574184496668,0.013328656611715188
,True 2,0.39546783625730997,0.391812865497076,0.17178362573099415,0.02046783625730994,0.02046783625730994
,True 3,0.1321937321937322,0.29601139601139603,0.347008547008547,0.15014245014245015,0.07464387464387465
,True 4,0.0267022696929239,0.06746773475745438,0.20267022696929238,0.36555407209612817,0.33760569648420113
,True 5,0.0146089945574334,0.01606728991432515,0.04752480404156142,0.21798911486680034,0.7038097966198796
7,True 1,0.7383374254647492,0.1781830936513504,0.061381971238162046,0.009470361276745002,0.012627148368993335
,True 2,0.3706140350877193,0.3925438596491228,0.19736842105263158,0.024853801169590642,0.014619883040935672
,True 3,0.12222222222222222,0.26866096866096867,0.38433048433048433,0.16096866096866097,0.06381766381766382
,True 4,0.027770360480640854,0.0713840676457499,0.20160213618157544,0.37222963951935917,0.3270137961726747
,True 5,0.014010051821567147,0.016744355615739174,0.04778521392672066,0.21874430353376215,0.7027160751022109
8,True 1,0.7404419501929148,0.18835496317081726,0.057523675903191865,0.004209049456331112,0.009470361276745002
,True 2,0.40819312362838334,0.3928310168251646,0.1711777615215801,0.013167520117044623,0.014630577907827359
,True 3,0.11791512389632583,0.29621190544004555,0.35915693534605525,0.15351751637710054,0.0731985189404728
,True 4,0.02883845126835781,0.07067200712060526,0.20267022696929238,0.36955941255006675,0.32825990209167777
,True 5,0.013333333333333334,0.018098958333333335,0.04869791666666667,0.217890625,0.7019791666666667
9,True 1,0.735273492286115,0.18653576437587657,0.05434782608695652,0.008064516129032258,0.015778401122019635
,True 2,0.38697878566203364,0.401609363569861,0.16605705925384054,0.026335040234089245,0.019019751280175568
,True 3,0.1378917378917379,0.28034188034188035,0.3475783475783476,0.1623931623931624,0.07179487179487179
,True 4,0.027592345349354695,0.06693368936359591,0.1829105473965287,0.3870048954161104,0.3355585224744103
,True 5,0.014583333333333334,0.016692708333333334,0.045546875,0.22565104166666666,0.6975260416666667
10,True 1,0.7464936886395512,0.18302945301542778,0.05049088359046283,0.007363253856942496,0.012622720897615708
,True 2,0.4286759326993416,0.37527432333577176,0.168983174835406,0.014630577907827359,0.012435991221653255
,True 3,0.1319088319088319,0.2928774928774929,0.36923076923076925,0.1415954415954416,0.06438746438746439
,True 4,0.03168669336893636,0.06639964396973742,0.20186915887850468,0.3602136181575434,0.33983088562527813
,True 5,0.016223958333333333,0.015364583333333333,0.051666666666666666,0.208046875,0.7086979166666667
,,Predicted 1,Predicted 2,Predicted 3,Predicted 4,Predicted 5
AVG,True 1,2106.909090909091,533.0909090909091,152.1818181818182,21.636363636363637,37.45454545454545
,True 2,532.5454545454545,534.1818181818181,250.1818181818182,28.09090909090909,22.636363636363637
,True 3,450.72727272727275,1011.5454545454545,1265.5454545454545,530.5454545454545,251.72727272727272
,True 4,324.45454545454544,770.5454545454545,2206.090909090909,4154.363636363636,3779.5454545454545
,True 5,548.8181818181819,647.4545454545455,1861.7272727272727,8297.272727272728,27045.454545454544
0,True 1,2076.0,536.0,172.0,25.0,43.0
,True 2,524.0,532.0,254.0,25.0,32.0
,True 3,474.0,1044.0,1255.0,477.0,260.0
,True 4,327.0,778.0,2222.0,4168.0,3740.0
,True 5,557.0,640.0,1925.0,8194.0,27085.0
1,True 1,2123.0,540.0,131.0,20.0,37.0
,True 2,507.0,532.0,278.0,30.0,21.0
,True 3,470.0,1029.0,1222.0,527.0,262.0
,True 4,317.0,836.0,2154.0,4062.0,3866.0
,True 5,518.0,693.0,1896.0,8347.0,26947.0
2,True 1,2086.0,539.0,173.0,20.0,33.0
,True 2,520.0,538.0,260.0,25.0,25.0
,True 3,412.0,985.0,1313.0,519.0,281.0
,True 4,317.0,751.0,2221.0,4065.0,3881.0
,True 5,465.0,662.0,1799.0,8210.0,27265.0
3,True 1,2130.0,522.0,139.0,19.0,41.0
,True 2,514.0,542.0,257.0,29.0,26.0
,True 3,468.0,1015.0,1272.0,509.0,246.0
,True 4,350.0,713.0,2149.0,4236.0,3787.0
,True 5,605.0,663.0,1941.0,8423.0,26769.0
4,True 1,2075.0,560.0,147.0,25.0,44.0
,True 2,523.0,542.0,252.0,35.0,16.0
,True 3,438.0,1015.0,1249.0,588.0,220.0
,True 4,347.0,754.0,2202.0,4292.0,3640.0
,True 5,587.0,679.0,1795.0,8412.0,26928.0
5,True 1,2133.0,530.0,128.0,28.0,32.0
,True 2,549.0,518.0,254.0,29.0,18.0
,True 3,442.0,1005.0,1266.0,518.0,279.0
,True 4,309.0,792.0,2177.0,4039.0,3918.0
,True 5,511.0,599.0,1860.0,7892.0,27539.0
6,True 1,2111.0,538.0,146.0,18.0,38.0
,True 2,541.0,536.0,235.0,28.0,28.0
,True 3,464.0,1039.0,1218.0,527.0,262.0
,True 4,300.0,758.0,2277.0,4107.0,3793.0
,True 5,561.0,617.0,1825.0,8371.0,27027.0
7,True 1,2105.0,508.0,175.0,27.0,36.0
,True 2,507.0,537.0,270.0,34.0,20.0
,True 3,429.0,943.0,1349.0,565.0,224.0
,True 4,312.0,802.0,2265.0,4182.0,3674.0
,True 5,538.0,643.0,1835.0,8400.0,26985.0
8,True 1,2111.0,537.0,164.0,12.0,27.0
,True 2,558.0,537.0,234.0,18.0,20.0
,True 3,414.0,1040.0,1261.0,539.0,257.0
,True 4,324.0,794.0,2277.0,4152.0,3688.0
,True 5,512.0,695.0,1870.0,8367.0,26956.0
9,True 1,2097.0,532.0,155.0,23.0,45.0
,True 2,529.0,549.0,227.0,36.0,26.0
,True 3,484.0,984.0,1220.0,570.0,252.0
,True 4,310.0,752.0,2055.0,4348.0,3770.0
,True 5,560.0,641.0,1749.0,8665.0,26785.0
10,True 1,2129.0,522.0,144.0,21.0,36.0
,True 2,586.0,513.0,231.0,20.0,17.0
,True 3,463.0,1028.0,1296.0,497.0,226.0
,True 4,356.0,746.0,2268.0,4047.0,3818.0
,True 5,623.0,590.0,1984.0,7989.0,27214.0
