,Rounded RMSE,Rounded MSE,Rounded MAE,Accuracy,Log Loss
0,0.9273157941403959,0.859914582062233,0.5046456898805892,0.6233243266800313,1.0452826064478178
1,0.922698644350115,0.85137278828554,0.5067724222086638,0.6179029024666609,1.0669300026767488
2,0.9139953125484757,0.8353874313605857,0.4974461779830907,0.6245445829338446,1.0372181066522632
3,0.9318352418648629,0.8683169179813475,0.5086551032859757,0.6199424736337488,1.0786110391663788
4,0.9261683700786583,0.8577878497341584,0.5034602980911705,0.6226096051599407,1.056697440337982
5,0.9101249240190414,0.8283273773206659,0.4935587902030855,0.6277346814259566,1.1054500488988055
6,0.921602218612048,0.8493506493506493,0.5040878584502746,0.6206571951538394,1.0511377562467765
7,0.9209020926070516,0.8480606641680467,0.49962520700775737,0.625660245794474,1.0626276679165596
8,0.9155754271146702,0.8382783627362108,0.5003660832577923,0.622533296143923,1.0372761320132813
9,0.9190436542446521,0.8446412384073635,0.5008716268042674,0.6216791018757409,1.0559818339991176
10,0.9371319559740491,0.878216302907747,0.5085070776096506,0.6222020779583014,1.0319949595208733
AVG,0.9223994214140018,0.8508776513013226,0.5025451213438471,0.6226173172024055,1.0572006903524185
,,,,,
,,Predicted 1,Predicted 2,Predicted 3,Predicted 4,Predicted 5
AVG,True 1,0.7395103140629057,0.18387335589316345,0.05503117722483679,0.006982480137983263,0.014602672681110746
,True 2,0.3816838056769909,0.38972308850644044,0.1871813658861747,0.02286625738383333,0.018545482546560587
,True 3,0.12545661981720085,0.2813703717719667,0.36352343185154345,0.14985364751813057,0.0797959290411583
,True 4,0.028539062183921993,0.0656552170570862,0.19069466359185983,0.3591859853542096,0.3559250718129223
,True 5,0.014547548983198039,0.01677998522420502,0.04458958773268215,0.2010946888688781,0.7229881891910367
0,True 1,0.7282608695652174,0.19074333800841514,0.05925666199158485,0.006661991584852735,0.015077138849929873
,True 2,0.3840526700804682,0.3789319678127286,0.1894659839063643,0.025603511338697878,0.021945866861741038
,True 3,0.13333333333333333,0.29914529914529914,0.35213675213675216,0.13247863247863248,0.0829059829059829
,True 4,0.029372496662216287,0.064797507788162,0.1917222963951936,0.3517578994214508,0.3623497997329773
,True 5,0.014895445431108566,0.01627561782245254,0.04679565636311554,0.19356266763886357,0.7284706127444598
1,True 1,0.7418449666783584,0.18800420904945633,0.047702560505085936,0.007716590669940372,0.014731673097158891
,True 2,0.364766081871345,0.40058479532163743,0.19078947368421054,0.02631578947368421,0.017543859649122806
,True 3,0.12877492877492877,0.29116809116809117,0.34843304843304845,0.15726495726495726,0.07435897435897436
,True 4,0.027859368046283934,0.07111704494882065,0.1838006230529595,0.36163773920783265,0.35558522474410326
,True 5,0.013202781177573501,0.01890575766256087,0.04299367203979063,0.208848727897711,0.716049061222364
2,True 1,0.7372851631006664,0.18169063486495968,0.058926692388635564,0.006664328305857594,0.015433181339880744
,True 2,0.3815789473684211,0.38011695906432746,0.19444444444444445,0.02266081871345029,0.021198830409356724
,True 3,0.11566951566951567,0.2831908831908832,0.36381766381766384,0.149002849002849,0.08831908831908832
,True 4,0.029283489096573207,0.06764574988874054,0.1860258121940365,0.3527369826435247,0.3643079661771251
,True 5,0.013254863154605348,0.01716101143199396,0.04145725371735111,0.1998906278482331,0.7282362438478165
3,True 1,0.7450017537706068,0.18274289722904244,0.05050859347597334,0.006313574184496668,0.015433181339880744
,True 2,0.3676900584795322,0.40131578947368424,0.18859649122807018,0.019736842105263157,0.02266081871345029
,True 3,0.12393162393162394,0.2903133903133903,0.36011396011396013,0.14415954415954416,0.08148148148148149
,True 4,0.02839341344014241,0.06328437917222964,0.18442367601246107,0.3759679572763685,0.3479305740987984
,True 5,0.015364183224395199,0.0174214213171532,0.04682169735163147,0.20681753079346893,0.7135751673133512
4,True 1,0.7267625394598387,0.19221325850578744,0.05682216766047001,0.0073658365485794455,0.01683619782532445
,True 2,0.36622807017543857,0.3925438596491228,0.19809941520467836,0.02412280701754386,0.019005847953216373
,True 3,0.12051282051282051,0.2754985754985755,0.36695156695156694,0.16125356125356125,0.07578347578347579
,True 4,0.02946150422785937,0.0661326212728082,0.18851802403204274,0.3685803293279929,0.34730752113929686
,True 5,0.01531210124736335,0.01679643759277102,0.04299367203979063,0.20413530897632873,0.7207624801437462
5,True 1,0.7551736232900736,0.16906348649596634,0.05366538056822168,0.006664328305857594,0.015433181339880744
,True 2,0.3961988304093567,0.3676900584795322,0.19298245614035087,0.029239766081871343,0.013888888888888888
,True 3,0.12621082621082622,0.27037037037037037,0.36866096866096865,0.14786324786324787,0.0868945868945869
,True 4,0.026079216733422343,0.06693368936359591,0.18753894080996886,0.35923453493546953,0.3602136181575434
,True 5,0.013957969844535298,0.014921486419624489,0.04471237728184162,0.1966355042837426,0.7297726621702559
6,True 1,0.7383374254647492,0.18449666783584706,0.05822518414591372,0.004910557699052964,0.01403016485443704
,True 2,0.3830409356725146,0.40131578947368424,0.1783625730994152,0.015350877192982455,0.021929824561403508
,True 3,0.12535612535612536,0.28917378917378916,0.358974358974359,0.14102564102564102,0.08547008547008547
,True 4,0.026168224299065422,0.06666666666666667,0.19617267467734759,0.3500667556742323,0.36092567868268804
,True 5,0.014635035545949325,0.01570271607510221,0.04666545142053592,0.2001770787219083,0.7228197182365043
7,True 1,0.7369344089793055,0.1834444054717643,0.058926692388635564,0.009119607155384075,0.011574886004910558
,True 2,0.3611111111111111,0.39035087719298245,0.21052631578947367,0.02266081871345029,0.015350877192982455
,True 3,0.1188034188034188,0.25726495726495724,0.39487179487179486,0.15384615384615385,0.07521367521367521
,True 4,0.027948375611927014,0.06488651535380507,0.20996884735202492,0.34428126390743213,0.35291499777481083
,True 5,0.014687117522981172,0.01705684747793026,0.04570193484544673,0.19335433973073618,0.7291997604229057
8,True 1,0.7362329007365837,0.19326552086987023,0.053314626446860754,0.0056120659417748155,0.011574886004910558
,True 2,0.40087783467446964,0.393562545720556,0.16825164594001463,0.02121433796634967,0.016093635698610095
,True 3,0.11990885787524921,0.2899458843634292,0.36029621190544003,0.15066932497863855,0.07917972087724295
,True 4,0.02874944370271473,0.06684468179795283,0.1978638184245661,0.3538050734312417,0.3527369826435247
,True 5,0.012916666666666667,0.018072916666666668,0.04484375,0.19932291666666666,0.72484375
9,True 1,0.7394810659186536,0.18197755960729312,0.05434782608695652,0.008064516129032258,0.016129032258064516
,True 2,0.373811265544989,0.4074615947329919,0.17483540599853695,0.026335040234089245,0.01755669348939283
,True 3,0.13760683760683762,0.26467236467236466,0.3475783475783476,0.17207977207977207,0.07806267806267807
,True 4,0.02848242100578549,0.06381842456608812,0.17196261682242991,0.38620382732532266,0.34953271028037386
,True 5,0.01453125,0.016953125,0.03950520833333333,0.21450520833333334,0.7145052083333333
10,True 1,0.7492987377279102,0.1749649368863955,0.05364656381486676,0.007713884992987377,0.014375876577840112
,True 2,0.41916605705925386,0.37307973664959765,0.17264081931236283,0.018288222384784197,0.016825164594001463
,True 3,0.12991452991452992,0.28433048433048436,0.3769230769230769,0.13874643874643874,0.07008547008547009
,True 4,0.03213173119715176,0.06008010680907877,0.19964396973742768,0.3467734757454384,0.3613707165109034
,True 5,0.017265625,0.0153125,0.04799479166666667,0.19479166666666667,0.7246354166666666
,,Predicted 1,Predicted 2,Predicted 3,Predicted 4,Predicted 5
AVG,True 1,2108.5454545454545,524.2727272727273,156.9090909090909,19.90909090909091,41.63636363636363
,True 2,522.0,533.0,256.0,31.272727272727273,25.363636363636363
,True 3,440.3636363636364,987.6363636363636,1276.0,526.0,280.09090909090907
,True 4,320.6363636363636,737.6363636363636,2142.4545454545455,4035.4545454545455,3998.818181818182
,True 5,558.6363636363636,644.3636363636364,1712.2727272727273,7722.181818181818,27763.272727272728
0,True 1,2077.0,544.0,169.0,19.0,43.0
,True 2,525.0,518.0,259.0,35.0,30.0
,True 3,468.0,1050.0,1236.0,465.0,291.0
,True 4,330.0,728.0,2154.0,3952.0,4071.0
,True 5,572.0,625.0,1797.0,7433.0,27974.0
1,True 1,2115.0,536.0,136.0,22.0,42.0
,True 2,499.0,548.0,261.0,36.0,24.0
,True 3,452.0,1022.0,1223.0,552.0,261.0
,True 4,313.0,799.0,2065.0,4063.0,3995.0
,True 5,507.0,726.0,1651.0,8020.0,27497.0
2,True 1,2102.0,518.0,168.0,19.0,44.0
,True 2,522.0,520.0,266.0,31.0,29.0
,True 3,406.0,994.0,1277.0,523.0,310.0
,True 4,329.0,760.0,2090.0,3963.0,4093.0
,True 5,509.0,659.0,1592.0,7676.0,27965.0
3,True 1,2124.0,521.0,144.0,18.0,44.0
,True 2,503.0,549.0,258.0,27.0,31.0
,True 3,435.0,1019.0,1264.0,506.0,286.0
,True 4,319.0,711.0,2072.0,4224.0,3909.0
,True 5,590.0,669.0,1798.0,7942.0,27402.0
4,True 1,2072.0,548.0,162.0,21.0,48.0
,True 2,501.0,537.0,271.0,33.0,26.0
,True 3,423.0,967.0,1288.0,566.0,266.0
,True 4,331.0,743.0,2118.0,4141.0,3902.0
,True 5,588.0,645.0,1651.0,7839.0,27678.0
5,True 1,2153.0,482.0,153.0,19.0,44.0
,True 2,542.0,503.0,264.0,40.0,19.0
,True 3,443.0,949.0,1294.0,519.0,305.0
,True 4,293.0,752.0,2107.0,4036.0,4047.0
,True 5,536.0,573.0,1717.0,7551.0,28024.0
6,True 1,2105.0,526.0,166.0,14.0,40.0
,True 2,524.0,549.0,244.0,21.0,30.0
,True 3,440.0,1015.0,1260.0,495.0,300.0
,True 4,294.0,749.0,2204.0,3933.0,4055.0
,True 5,562.0,603.0,1792.0,7687.0,27757.0
7,True 1,2101.0,523.0,168.0,26.0,33.0
,True 2,494.0,534.0,288.0,31.0,21.0
,True 3,417.0,903.0,1386.0,540.0,264.0
,True 4,314.0,729.0,2359.0,3868.0,3965.0
,True 5,564.0,655.0,1755.0,7425.0,28002.0
8,True 1,2099.0,551.0,152.0,16.0,33.0
,True 2,548.0,538.0,230.0,29.0,22.0
,True 3,421.0,1018.0,1265.0,529.0,278.0
,True 4,323.0,751.0,2223.0,3975.0,3963.0
,True 5,496.0,694.0,1722.0,7654.0,27834.0
9,True 1,2109.0,519.0,155.0,23.0,46.0
,True 2,511.0,557.0,239.0,36.0,24.0
,True 3,483.0,929.0,1220.0,604.0,274.0
,True 4,320.0,717.0,1932.0,4339.0,3927.0
,True 5,558.0,651.0,1517.0,8237.0,27437.0
10,True 1,2137.0,499.0,153.0,22.0,41.0
,True 2,573.0,510.0,236.0,25.0,23.0
,True 3,456.0,998.0,1323.0,487.0,246.0
,True 4,361.0,675.0,2243.0,3896.0,4060.0
,True 5,663.0,588.0,1843.0,7480.0,27826.0
