,Rounded RMSE,Rounded MSE,Rounded MAE,Accuracy,Log Loss
0,0.9255564567552493,0.8566547546413318,0.5132049158894797,0.612254859234725,1.5296709661871013
1,0.9223018131464624,0.850640634533252,0.5155234027717249,0.6074958598448531,1.5336670425093857
2,0.913184368911236,0.8339056916238125,0.5087945611435545,0.6110694674453063,1.5870775205782297
3,0.9332092241905646,0.8708794561143555,0.5195851128737035,0.6087161160986664,1.5533684014799576
4,0.9260648439391206,0.8575960951799878,0.5124727621371916,0.612307155931317,1.5651518493255434
5,0.9137473356040252,0.8349341933234551,0.5064063453325198,0.6144513204915889,1.5597282430369988
6,0.9149865482667536,0.8372003835091083,0.5090211801621197,0.6112437897672797,1.4484552582965378
7,0.9208642327939865,0.8479909352392574,0.5083064586420291,0.6142769981696157,1.4307992635933133
8,0.9195840869459565,0.8456348929642284,0.5106164144759779,0.6116205285544941,1.4912074701592826
9,0.9428532110951353,0.8889721776724078,0.523028380168747,0.6067742835227669,1.6683594044925742
10,0.9350648533106136,0.8743462798967994,0.5165260442089115,0.6112370127606164,1.5149303022682696
AVG,0.9243106340871912,0.8544323176998178,0.5130441434369054,0.6110406719837481,1.5347650656297451
,,,,,
,,Predicted 1,Predicted 2,Predicted 3,Predicted 4,Predicted 5
AVG,True 1,0.7229625056232241,0.19423579675008396,0.05943117815505299,0.008735926510772866,0.014634592960866116
,True 2,0.369851491078342,0.3889925318716756,0.19681919102471213,0.0262563357363727,0.01808045028889752
,True 3,0.12131276320965867,0.2755431020028001,0.3636529762419823,0.15922899215408473,0.08026216639147427
,True 4,0.026402880608488086,0.064910790144435,0.18863130638831568,0.36964032851883316,0.35041469433992795
,True 5,0.013508277914854648,0.0168249654833602,0.04712978308349767,0.21865827937226232,0.7038786941460252
0,True 1,0.7166900420757363,0.19460028050490882,0.06451612903225806,0.00876577840112202,0.015427769985974754
,True 2,0.37527432333577176,0.3745427944403804,0.196781272860278,0.029992684711046085,0.023408924652523776
,True 3,0.12991452991452992,0.2794871794871795,0.36495726495726494,0.145014245014245,0.08062678062678062
,True 4,0.02563417890520694,0.06693368936359591,0.18940809968847352,0.36332888295505117,0.35469514908767247
,True 5,0.013385068097184968,0.01653602770761178,0.048097705788911746,0.2135881878076092,0.7083930105986823
1,True 1,0.7232549982462294,0.19887758681164502,0.05471764293230445,0.007716590669940372,0.015433181339880744
,True 2,0.36403508771929827,0.38742690058479534,0.2046783625730994,0.02631578947368421,0.017543859649122806
,True 3,0.12421652421652421,0.28575498575498576,0.3472934472934473,0.1675213675213675,0.07521367521367521
,True 4,0.025990209167779263,0.07022696929238985,0.18433466844681798,0.36866933689363596,0.35077881619937695
,True 5,0.012083018671388767,0.018046405041535377,0.046613369443504075,0.22285877971927814,0.7003984271242937
2,True 1,0.7176429323044545,0.1957207997193967,0.06418800420904945,0.0073658365485794455,0.015082427218519818
,True 2,0.36622807017543857,0.3845029239766082,0.2046783625730994,0.025584795321637425,0.019005847953216373
,True 3,0.1113960113960114,0.27464387464387463,0.3663817663817664,0.16381766381766383,0.08376068376068375
,True 4,0.02634623943035158,0.06657765910102359,0.18940809968847352,0.3596795727636849,0.3579884290164664
,True 5,0.011900731751777298,0.015780839040649985,0.047576886018593265,0.21759850003906148,0.7071430431499179
3,True 1,0.7292178183093652,0.1876534549280954,0.05997895475271835,0.005962820063135742,0.017186951946685375
,True 2,0.33845029239766083,0.4108187134502924,0.20321637426900585,0.02412280701754386,0.023391812865497075
,True 3,0.12108262108262108,0.28005698005698004,0.3660968660968661,0.15185185185185185,0.08091168091168091
,True 4,0.027058299955496218,0.062127280818869604,0.18166444147752558,0.3825545171339564,0.3465954606141522
,True 5,0.013359027108669045,0.017629749225280593,0.0521600999973959,0.22168693523606156,0.6951641884325929
4,True 1,0.7074710627849877,0.20799719396702912,0.055769905296387236,0.010873377762188706,0.017888460189407224
,True 2,0.3611111111111111,0.3845029239766082,0.21271929824561403,0.02850877192982456,0.013157894736842105
,True 3,0.11652421652421652,0.2726495726495726,0.3663817663817664,0.17122507122507122,0.07321937321937322
,True 4,0.02688028482421006,0.06550956831330663,0.18967512238540277,0.3750778816199377,0.34285714285714286
,True 5,0.013697559959376058,0.01716101143199396,0.04705606624827478,0.2168433113720997,0.7052420509882555
5,True 1,0.7320238512802525,0.19256401262714837,0.05506839705366538,0.0073658365485794455,0.012977902490354262
,True 2,0.38596491228070173,0.37207602339181284,0.19517543859649122,0.033625730994152045,0.013157894736842105
,True 3,0.12022792022792023,0.27834757834757834,0.35356125356125356,0.15925925925925927,0.0886039886039886
,True 4,0.025278148642634623,0.06791277258566979,0.1859368046283934,0.3646639964396974,0.3562082777036048
,True 5,0.012343428556548007,0.016509986719095857,0.0465352464779563,0.21332777792244995,0.7112835603239499
6,True 1,0.7292178183093652,0.1918625043844265,0.05857593826727464,0.007716590669940372,0.012627148368993335
,True 2,0.3684210526315789,0.39985380116959063,0.19298245614035087,0.017543859649122806,0.021198830409356724
,True 3,0.12336182336182336,0.2814814814814815,0.3606837606837607,0.15014245014245015,0.08433048433048433
,True 4,0.025100133511348464,0.06230529595015576,0.1902981753449043,0.3671562082777036,0.35514018691588783
,True 5,0.012760084372802792,0.01570271607510221,0.04762896799562511,0.21957761516627172,0.7043306163901981
7,True 1,0.7197474570326201,0.1929147667485093,0.06383725008768854,0.010873377762188706,0.012627148368993335
,True 2,0.35891812865497075,0.38011695906432746,0.21637426900584794,0.027777777777777776,0.016812865497076022
,True 3,0.11623931623931624,0.2552706552706553,0.39173789173789175,0.15925925925925927,0.07749287749287749
,True 4,0.02572318647085002,0.06488651535380507,0.1991099243435692,0.36644414775255896,0.3438362260792167
,True 5,0.013879846878987526,0.017213093409025805,0.04395718861487982,0.21731204916538632,0.7076378219317205
8,True 1,0.7211504735180638,0.19782532444756226,0.06278498772360576,0.0056120659417748155,0.012627148368993335
,True 2,0.3862472567666423,0.3811265544989027,0.18873445501097294,0.027798098024871983,0.016093635698610095
,True 3,0.11421247507832526,0.2808316718883509,0.3585872970663629,0.168612930788949,0.07775562517801196
,True 4,0.027236315086782377,0.06355140186915888,0.193324432576769,0.36920338228749444,0.34668446817979526
,True 5,0.012578125,0.018125,0.04609375,0.21744791666666666,0.7057552083333334
9,True 1,0.7184431977559608,0.1956521739130435,0.06030855539971949,0.010869565217391304,0.014726507713884993
,True 2,0.3584491587417703,0.4250182882223848,0.16971470373079736,0.02852962692026335,0.018288222384784197
,True 3,0.1301994301994302,0.2678062678062678,0.3504273504273504,0.16638176638176638,0.08518518518518518
,True 4,0.02661326212728082,0.06230529595015576,0.17676902536715622,0.38842901646639966,0.3458834000890076
,True 5,0.016640625,0.016979166666666667,0.04484375,0.22927083333333334,0.692265625
10,True 1,0.7377279102384292,0.18092566619915848,0.05399719495091164,0.012973352033660589,0.014375876577840112
,True 2,0.40526700804681787,0.3789319678127286,0.1799561082662765,0.019019751280175568,0.016825164594001463
,True 3,0.12706552706552707,0.27464387464387463,0.37407407407407406,0.14843304843304844,0.07578347578347579
,True 4,0.02857142857142857,0.0616822429906542,0.19501557632398753,0.3608366711170449,0.35389408099688474
,True 5,0.015963541666666668,0.015390625,0.047864583333333335,0.21572916666666667,0.7050520833333334
,,Predicted 1,Predicted 2,Predicted 3,Predicted 4,Predicted 5
AVG,True 1,2061.3636363636365,553.8181818181819,169.45454545454547,24.90909090909091,41.72727272727273
,True 2,505.8181818181818,532.0,269.1818181818182,35.90909090909091,24.727272727272727
,True 3,425.8181818181818,967.1818181818181,1276.4545454545455,558.9090909090909,281.72727272727275
,True 4,296.6363636363636,729.2727272727273,2119.2727272727275,4152.909090909091,3936.909090909091
,True 5,518.7272727272727,646.0909090909091,1809.8181818181818,8396.636363636364,27029.454545454544
0,True 1,2044.0,555.0,184.0,25.0,44.0
,True 2,513.0,512.0,269.0,41.0,32.0
,True 3,456.0,981.0,1281.0,509.0,283.0
,True 4,288.0,752.0,2128.0,4082.0,3985.0
,True 5,514.0,635.0,1847.0,8202.0,27203.0
1,True 1,2062.0,567.0,156.0,22.0,44.0
,True 2,498.0,530.0,280.0,36.0,24.0
,True 3,436.0,1003.0,1219.0,588.0,264.0
,True 4,292.0,789.0,2071.0,4142.0,3941.0
,True 5,464.0,693.0,1790.0,8558.0,26896.0
2,True 1,2046.0,558.0,183.0,21.0,43.0
,True 2,501.0,526.0,280.0,35.0,26.0
,True 3,391.0,964.0,1286.0,575.0,294.0
,True 4,296.0,748.0,2128.0,4041.0,4022.0
,True 5,457.0,606.0,1827.0,8356.0,27155.0
3,True 1,2079.0,535.0,171.0,17.0,49.0
,True 2,463.0,562.0,278.0,33.0,32.0
,True 3,425.0,983.0,1285.0,533.0,284.0
,True 4,304.0,698.0,2041.0,4298.0,3894.0
,True 5,513.0,677.0,2003.0,8513.0,26695.0
4,True 1,2017.0,593.0,159.0,31.0,51.0
,True 2,494.0,526.0,291.0,39.0,18.0
,True 3,409.0,957.0,1286.0,601.0,257.0
,True 4,302.0,736.0,2131.0,4214.0,3852.0
,True 5,526.0,659.0,1807.0,8327.0,27082.0
5,True 1,2087.0,549.0,157.0,21.0,37.0
,True 2,528.0,509.0,267.0,46.0,18.0
,True 3,422.0,977.0,1241.0,559.0,311.0
,True 4,284.0,763.0,2089.0,4097.0,4002.0
,True 5,474.0,634.0,1787.0,8192.0,27314.0
6,True 1,2079.0,547.0,167.0,22.0,36.0
,True 2,504.0,547.0,264.0,24.0,29.0
,True 3,433.0,988.0,1266.0,527.0,296.0
,True 4,282.0,700.0,2138.0,4125.0,3990.0
,True 5,490.0,603.0,1829.0,8432.0,27047.0
7,True 1,2052.0,550.0,182.0,31.0,36.0
,True 2,491.0,520.0,296.0,38.0,23.0
,True 3,408.0,896.0,1375.0,559.0,272.0
,True 4,289.0,729.0,2237.0,4117.0,3863.0
,True 5,533.0,661.0,1688.0,8345.0,27174.0
8,True 1,2056.0,564.0,179.0,16.0,36.0
,True 2,528.0,521.0,258.0,38.0,22.0
,True 3,401.0,986.0,1259.0,592.0,273.0
,True 4,306.0,714.0,2172.0,4148.0,3895.0
,True 5,483.0,696.0,1770.0,8350.0,27101.0
9,True 1,2049.0,558.0,172.0,31.0,42.0
,True 2,490.0,581.0,232.0,39.0,25.0
,True 3,457.0,940.0,1230.0,584.0,299.0
,True 4,299.0,700.0,1986.0,4364.0,3886.0
,True 5,639.0,652.0,1722.0,8804.0,26583.0
10,True 1,2104.0,516.0,154.0,37.0,41.0
,True 2,554.0,518.0,246.0,26.0,23.0
,True 3,446.0,964.0,1313.0,521.0,266.0
,True 4,321.0,693.0,2191.0,4054.0,3976.0
,True 5,613.0,591.0,1838.0,8284.0,27074.0
