,Rounded RMSE,Rounded MSE,Rounded MAE,Accuracy,Log Loss
0,1.1468942901078325,1.315366512681949,0.7171968970626689,0.4999564194195067,5.811392713430056
1,1.1434997757419711,1.3075917371219385,0.712594787762573,0.500601412010808,5.704900343568418
2,1.1278971624508862,1.2721520090647607,0.7028153054998693,0.5029024666608559,5.656460119465068
3,1.1287932264146747,1.2741741479996513,0.7069641767628345,0.499241697899416,5.731909225953509
4,1.1396898934602646,1.2988930532554694,0.7153316482175542,0.49803887387780005,5.637764017646838
5,1.1243987905149873,1.2642726401115663,0.7021877451407653,0.5019611261221999,5.703685304040052
6,1.136542302698129,1.2917284058223655,0.7135012638368343,0.4962084894970801,5.703971677607246
7,1.1489519779379058,1.3200906476074261,0.713797611784189,0.5015253203172666,5.639618238895131
8,1.1250130743260915,1.265654417404644,0.7045708109615787,0.5019698765776445,5.725232221925011
9,1.148423245181504,1.3188759500732166,0.7149431699323617,0.5003835157938777,5.82418147346262
10,1.1359308467074478,1.2903388885014992,0.7051983822606512,0.504584756990447,5.636683295740308
AVG,1.1369122350492449,1.2926489463313169,0.7099183453838073,0.5006703595606274,5.706890784703114
,,,,,
,,Predicted 1,Predicted 2,Predicted 3,Predicted 4,Predicted 5
AVG,True 1,0.6970093951389853,0.22350489322794995,0.05767734046534871,0.011860703879399616,0.009947667288316442
,True 2,0.4125252739149863,0.372640129007318,0.1684373477196794,0.03237166062503913,0.014025588732977172
,True 3,0.1830305995785916,0.2896584980891446,0.3183031816754403,0.152080916962717,0.05692680369410646
,True 4,0.04901080228183032,0.08922603875874904,0.2294453210341061,0.37001254197515876,0.2623052959501557
,True 5,0.025716842756521495,0.025581906726111145,0.09914346632831138,0.3040093899464424,0.5455483942426137
0,True 1,0.6928471248246845,0.2187938288920056,0.06346423562412343,0.011921458625525946,0.012973352033660589
,True 2,0.40965618141916604,0.35918068763716166,0.17849305047549377,0.03950256035113387,0.013167520117044623
,True 3,0.19230769230769232,0.30142450142450145,0.3128205128205128,0.13276353276353275,0.06068376068376068
,True 4,0.048776145972407654,0.0901646639964397,0.2364040943480196,0.3539830885625278,0.27067200712060524
,True 5,0.026171193458503685,0.02536392281451004,0.10538788052394468,0.2926225879534387,0.5504544152496029
1,True 1,0.6913363732023852,0.23675903191862505,0.04875482286916871,0.013328656611715188,0.009821115398105928
,True 2,0.40131578947368424,0.37792397660818716,0.17178362573099415,0.03216374269005848,0.016812865497076022
,True 3,0.19287749287749287,0.2914529914529915,0.30655270655270656,0.1586894586894587,0.05042735042735043
,True 4,0.05028927458834001,0.0914997774810859,0.2183355585224744,0.3750778816199377,0.26479750778816197
,True 5,0.027264914976172495,0.025650373688185204,0.09682039530220567,0.30499205749850267,0.545272258534934
2,True 1,0.6857243072606103,0.2307962118554893,0.06383725008768854,0.009821115398105928,0.009821115398105928
,True 2,0.40350877192982454,0.3896198830409357,0.16447368421052633,0.029970760233918127,0.012426900584795321
,True 3,0.16951566951566951,0.29002849002849,0.3247863247863248,0.15128205128205127,0.06438746438746439
,True 4,0.04557187360925679,0.08954161103693814,0.22777036048064087,0.37214063195371605,0.26497552291944815
,True 5,0.024582693159032318,0.027499283872815812,0.09398192755396995,0.30603369703913963,0.5479023983750423
3,True 1,0.6983514556296037,0.2199228340933006,0.059277446509996494,0.011574886004910558,0.010873377762188706
,True 2,0.39473684210526316,0.3991228070175439,0.15862573099415206,0.03289473684210526,0.014619883040935672
,True 3,0.17635327635327636,0.2962962962962963,0.3190883190883191,0.15527065527065528,0.05299145299145299
,True 4,0.04833110814419225,0.08393413440142412,0.22474410324877614,0.3783711615487316,0.26461949265687584
,True 5,0.02408791437722976,0.025416004791541887,0.10038801072888727,0.3102523371787193,0.5398557329236218
4,True 1,0.6881795861101367,0.23114696597685022,0.057172921781830935,0.014380918975797966,0.009119607155384075
,True 2,0.4137426900584795,0.36403508771929827,0.17763157894736842,0.035818713450292396,0.008771929824561403
,True 3,0.18176638176638177,0.29002849002849,0.31196581196581197,0.16096866096866097,0.05527065527065527
,True 4,0.04984423676012461,0.08891855807743658,0.23578104138851802,0.3749888740542946,0.2504672897196262
,True 5,0.024947266998255255,0.024296242285357154,0.10814822530663264,0.3009036223015026,0.5417046431082524
5,True 1,0.6987022097509645,0.2293931953700456,0.052963872325499824,0.009470361276745002,0.009470361276745002
,True 2,0.4100877192982456,0.37353801169590645,0.17982456140350878,0.025584795321637425,0.010964912280701754
,True 3,0.18433048433048432,0.27806267806267804,0.32165242165242164,0.15669515669515668,0.05925925925925926
,True 4,0.04744103248776146,0.09025367156208278,0.23284379172229638,0.3646639964396974,0.26479750778816197
,True 5,0.024035832400197913,0.025676414676701127,0.09593500169266425,0.3057732871539804,0.5485794640764563
6,True 1,0.7071203086636269,0.22237811294282708,0.04665029814100315,0.012627148368993335,0.011224131883549631
,True 2,0.4247076023391813,0.35526315789473684,0.16447368421052633,0.039473684210526314,0.01608187134502924
,True 3,0.1908831908831909,0.28547008547008546,0.31680911680911683,0.14985754985754987,0.05698005698005698
,True 4,0.04984423676012461,0.08651535380507343,0.23204272363150868,0.367601246105919,0.2639964396973743
,True 5,0.025129553917866723,0.024634775136064165,0.10109111741881723,0.30954923048878935,0.5395953230384626
7,True 1,0.7001052262364083,0.22202735882146615,0.057172921781830935,0.013328656611715188,0.0073658365485794455
,True 2,0.4093567251461988,0.3508771929824561,0.19078947368421054,0.031432748538011694,0.017543859649122806
,True 3,0.16923076923076924,0.29116809116809117,0.3245014245014245,0.15897435897435896,0.05612535612535612
,True 4,0.05358255451713396,0.08571428571428572,0.2337338673787272,0.376502002670227,0.2504672897196262
,True 5,0.02940027603447827,0.024061873388713836,0.09807036275097003,0.3035598031301268,0.544907684695711
8,True 1,0.7092248333917923,0.20308663626797616,0.06769554542265871,0.009470361276745002,0.01052262364082778
,True 2,0.4264813460131675,0.38039502560351135,0.1506949524506218,0.027798098024871983,0.014630577907827359
,True 3,0.18855027057818285,0.2853887781258901,0.314155511250356,0.15579606949587013,0.05610937054970094
,True 4,0.045838896306186025,0.09327992879394749,0.23204272363150868,0.36822429906542054,0.26061415220293727
,True 5,0.021822916666666668,0.028098958333333333,0.09958333333333333,0.30328125,0.5472135416666667
9,True 1,0.6935483870967742,0.22194950911640954,0.06311360448807854,0.009817671809256662,0.011570827489481066
,True 2,0.40819312362838334,0.3862472567666423,0.1616678858814923,0.029261155815654718,0.014630577907827359
,True 3,0.18205128205128204,0.28746438746438746,0.3190883190883191,0.1472934472934473,0.0641025641025641
,True 4,0.05189141076991544,0.08571428571428572,0.22064975522919447,0.38273253226524256,0.2590120160213618
,True 5,0.029114583333333333,0.023072916666666665,0.09942708333333333,0.3072916666666667,0.54109375
10,True 1,0.7019635343618513,0.22230014025245443,0.05434782608695652,0.014726507713884993,0.006661991584852735
,True 2,0.4359912216532553,0.36283833211411853,0.15435259692757863,0.03218727139722019,0.014630577907827359
,True 3,0.18547008547008548,0.28945868945868947,0.3299145299145299,0.1452991452991453,0.04985754985754986
,True 4,0.0477080551846907,0.09595015576323987,0.22955051179350244,0.3558522474410325,0.2709390298175345
,True 5,0.026328125,0.027630208333333333,0.09174479166666667,0.29984375,0.554453125
,,Predicted 1,Predicted 2,Predicted 3,Predicted 4,Predicted 5
AVG,True 1,1987.3636363636363,637.2727272727273,164.45454545454547,33.81818181818182,28.363636363636363
,True 2,564.1818181818181,509.6363636363636,230.36363636363637,44.27272727272727,19.181818181818183
,True 3,642.4545454545455,1016.7272727272727,1117.2727272727273,533.8181818181819,199.8181818181818
,True 4,550.6363636363636,1002.4545454545455,2577.818181818182,4157.090909090909,2947.0
,True 5,987.5454545454545,982.3636363636364,3807.181818181818,11674.181818181818,20949.454545454544
0,True 1,1976.0,624.0,181.0,34.0,37.0
,True 2,560.0,491.0,244.0,54.0,18.0
,True 3,675.0,1058.0,1098.0,466.0,213.0
,True 4,548.0,1013.0,2656.0,3977.0,3041.0
,True 5,1005.0,974.0,4047.0,11237.0,21138.0
1,True 1,1971.0,675.0,139.0,38.0,28.0
,True 2,549.0,517.0,235.0,44.0,23.0
,True 3,677.0,1023.0,1076.0,557.0,177.0
,True 4,565.0,1028.0,2453.0,4214.0,2975.0
,True 5,1047.0,985.0,3718.0,11712.0,20939.0
2,True 1,1955.0,658.0,182.0,28.0,28.0
,True 2,552.0,533.0,225.0,41.0,17.0
,True 3,595.0,1018.0,1140.0,531.0,226.0
,True 4,512.0,1006.0,2559.0,4181.0,2977.0
,True 5,944.0,1056.0,3609.0,11752.0,21040.0
3,True 1,1991.0,627.0,169.0,33.0,31.0
,True 2,540.0,546.0,217.0,45.0,20.0
,True 3,619.0,1040.0,1120.0,545.0,186.0
,True 4,543.0,943.0,2525.0,4251.0,2973.0
,True 5,925.0,976.0,3855.0,11914.0,20731.0
4,True 1,1962.0,659.0,163.0,41.0,26.0
,True 2,566.0,498.0,243.0,49.0,12.0
,True 3,638.0,1018.0,1095.0,565.0,194.0
,True 4,560.0,999.0,2649.0,4213.0,2814.0
,True 5,958.0,933.0,4153.0,11555.0,20802.0
5,True 1,1992.0,654.0,151.0,27.0,27.0
,True 2,561.0,511.0,246.0,35.0,15.0
,True 3,647.0,976.0,1129.0,550.0,208.0
,True 4,533.0,1014.0,2616.0,4097.0,2975.0
,True 5,923.0,986.0,3684.0,11742.0,21066.0
6,True 1,2016.0,634.0,133.0,36.0,32.0
,True 2,581.0,486.0,225.0,54.0,22.0
,True 3,670.0,1002.0,1112.0,526.0,200.0
,True 4,560.0,972.0,2607.0,4130.0,2966.0
,True 5,965.0,946.0,3882.0,11887.0,20721.0
7,True 1,1996.0,633.0,163.0,38.0,21.0
,True 2,560.0,480.0,261.0,43.0,24.0
,True 3,594.0,1022.0,1139.0,558.0,197.0
,True 4,602.0,963.0,2626.0,4230.0,2814.0
,True 5,1129.0,924.0,3766.0,11657.0,20925.0
8,True 1,2022.0,579.0,193.0,27.0,30.0
,True 2,583.0,520.0,206.0,38.0,20.0
,True 3,662.0,1002.0,1103.0,547.0,197.0
,True 4,515.0,1048.0,2607.0,4137.0,2928.0
,True 5,838.0,1079.0,3824.0,11646.0,21013.0
9,True 1,1978.0,633.0,180.0,28.0,33.0
,True 2,558.0,528.0,221.0,40.0,20.0
,True 3,639.0,1009.0,1120.0,517.0,225.0
,True 4,583.0,963.0,2479.0,4300.0,2910.0
,True 5,1118.0,886.0,3818.0,11800.0,20778.0
10,True 1,2002.0,634.0,155.0,42.0,19.0
,True 2,596.0,496.0,211.0,44.0,20.0
,True 3,651.0,1016.0,1158.0,510.0,175.0
,True 4,536.0,1078.0,2579.0,3998.0,3044.0
,True 5,1011.0,1061.0,3523.0,11514.0,21291.0
