,Rounded RMSE,Rounded MSE,Rounded MAE,Accuracy,Log Loss
0,1.1888232808817991,1.4133007931665649,0.7675760481129609,0.4667654493157849,19.21972131996347
1,1.188287944993199,1.4120282402161597,0.7718120805369127,0.4614137540312037,19.412615969845085
2,1.1935136589101338,1.4244748540050554,0.7668264621284756,0.4705482437026061,19.083375590242586
3,1.2022669542736533,1.445445829338447,0.7729451756297394,0.46861326592870217,19.153119258440828
4,1.198992865957696,1.4375838926174496,0.7765536476945873,0.4634881896626863,19.337845730965892
5,1.2058502329377918,1.4540747842761266,0.7784711932362939,0.46596356663470756,19.248624101378955
6,1.2003732822480442,1.440896016734943,0.7761352741218513,0.4623550945698597,19.378686617748645
7,1.173919794589031,1.3780876841279526,0.7595223568377931,0.4660158633312996,19.2467391373736
8,1.1933268654229008,1.424029007740046,0.7690188968691165,0.46797643121121263,19.176073108264177
9,1.190474829077356,1.4172303186667596,0.7693326825186528,0.4647862771075936,19.291057917032884
10,1.2176287453583323,1.4826197615229064,0.7816923506031658,0.46567533644794645,19.259012970326854
AVG,1.1957689504227216,1.429979198401128,0.7718078334808681,0.465781951994873,19.255170156507543
,,,,,
,,Predicted 1,Predicted 2,Predicted 3,Predicted 4,Predicted 5
AVG,True 1,0.5165796728170208,0.29849516732554743,0.1325083597591509,0.03535907217730923,0.017057727920971696
,True 2,0.31919904586231157,0.3453859135769196,0.23730334570437756,0.07285294713585631,0.02525874772053496
,True 3,0.15226236468047916,0.24876344158599928,0.31255320625870325,0.19781932257010582,0.08860166490471247
,True 4,0.04604118622810212,0.08718695634583484,0.21163571630861347,0.36189667030788536,0.29323947080956425
,True 5,0.02711597168052363,0.03453770926252315,0.10674984888335454,0.3208982806314032,0.5106981895421956
0,True 1,0.5150771388499299,0.29908835904628334,0.13394109396914447,0.033309957924263674,0.01858345021037868
,True 2,0.3013899049012436,0.3394294074615947,0.25237746891002194,0.07900512070226774,0.027798098024871983
,True 3,0.16524216524216523,0.24245014245014246,0.31994301994301994,0.18547008547008548,0.0868945868945869
,True 4,0.04396973742768135,0.08170894526034712,0.2157543391188251,0.36297285269247886,0.29559412550066755
,True 5,0.02609307049295591,0.03348871123147835,0.10830447123772818,0.3206166506080571,0.5114970964297805
1,True 1,0.5103472465801473,0.3055068397053665,0.13293581199579094,0.0336723956506489,0.017537706068046298
,True 2,0.2997076023391813,0.3530701754385965,0.24561403508771928,0.07163742690058479,0.029970760233918127
,True 3,0.1603988603988604,0.249002849002849,0.3034188034188034,0.201994301994302,0.08518518518518518
,True 4,0.04138851802403204,0.08526924788607032,0.2135291499777481,0.3603026257231865,0.29951045838896306
,True 5,0.02570245566521705,0.03309809640373949,0.11002317647977918,0.3255123564490508,0.5056639150022135
2,True 1,0.516660820764644,0.2967379866713434,0.1322343037530691,0.03682918274289723,0.017537706068046298
,True 2,0.3216374269005848,0.35014619883040937,0.23976608187134502,0.06944444444444445,0.019005847953216373
,True 3,0.14615384615384616,0.2433048433048433,0.32364672364672364,0.19401709401709402,0.09287749287749288
,True 4,0.044058744993324434,0.08348909657320873,0.2187805963506898,0.35950155763239877,0.2941700044503783
,True 5,0.027499283872815812,0.03390536704773313,0.10921590583578553,0.31204916538631805,0.5173302778573474
3,True 1,0.5296387232549983,0.29323044545773413,0.12592072956857242,0.030866362679761488,0.020343739038933707
,True 2,0.30628654970760233,0.35233918128654973,0.2361111111111111,0.07529239766081872,0.029970760233918127
,True 3,0.14814814814814814,0.24615384615384617,0.32022792022792024,0.19914529914529913,0.08632478632478632
,True 4,0.048420115709835336,0.08251001335113485,0.21584334668446817,0.36145972407654653,0.29176680017801515
,True 5,0.028098226608682067,0.03510325251946564,0.10916382385875367,0.3144970183068149,0.5131376787062837
4,True 1,0.5254296737986671,0.28551385478779373,0.13188354963170817,0.04419501929147668,0.012977902490354262
,True 2,0.3165204678362573,0.3391812865497076,0.24561403508771928,0.07309941520467836,0.025584795321637425
,True 3,0.15327635327635328,0.2515669515669516,0.3094017094017094,0.19772079772079773,0.08803418803418804
,True 4,0.046817979528259904,0.08651535380507343,0.21637739207832665,0.3620827770360481,0.28820649755229194
,True 5,0.027004505091013254,0.03335850628889873,0.11241894742324418,0.32014791281477045,0.5070701283820734
5,True 1,0.511750263065591,0.3037530690985619,0.1322343037530691,0.03788144510698001,0.014380918975797966
,True 2,0.3092105263157895,0.34649122807017546,0.25146198830409355,0.0804093567251462,0.012426900584795321
,True 3,0.1581196581196581,0.24074074074074073,0.3108262108262108,0.196011396011396,0.0943019943019943
,True 4,0.04753004005340454,0.0866933689363596,0.20996884735202492,0.3587894971072541,0.2970182465509568
,True 5,0.027030546079529177,0.03801984323324913,0.10937215176688107,0.31322100986953466,0.512356449050806
6,True 1,0.5250789196773062,0.29849175727814803,0.12311469659768502,0.03472465801473167,0.018589968432129077
,True 2,0.32090643274853803,0.3538011695906433,0.22002923976608188,0.07017543859649122,0.03508771929824561
,True 3,0.156980056980057,0.25071225071225073,0.30427350427350425,0.19772079772079773,0.09031339031339031
,True 4,0.05224744103248776,0.08722741433021806,0.20329327992879395,0.358611481975968,0.2986203827325323
,True 5,0.028228431551261687,0.032316866748261765,0.10481497877659436,0.32827270123173874,0.5063670216921434
7,True 1,0.5033321641529288,0.30059628200631355,0.13960014030164855,0.03858295334970186,0.017888460189407224
,True 2,0.3296783625730994,0.3369883040935672,0.2309941520467836,0.07017543859649122,0.03216374269005848
,True 3,0.13931623931623932,0.2535612535612536,0.30968660968660966,0.20256410256410257,0.09487179487179487
,True 4,0.04468179795282599,0.09443702714730752,0.20587449933244326,0.36626613262127283,0.2887405429461504
,True 5,0.023905627457618293,0.032316866748261765,0.10051821567146689,0.33194448061248405,0.511314809510169
8,True 1,0.5152578042792003,0.3065591020694493,0.13433882848123466,0.02806032970887408,0.01578393546124167
,True 2,0.324067300658376,0.337966349670812,0.23994147768836868,0.07681053401609364,0.02121433796634967
,True 3,0.15009968669894616,0.24352036456849901,0.3207063514668186,0.195955568214184,0.08971802905155227
,True 4,0.046817979528259904,0.09283489096573208,0.21201602136181574,0.3601246105919003,0.28820649755229194
,True 5,0.026822916666666665,0.0346875,0.10580729166666666,0.3185677083333333,0.5141145833333334
9,True 1,0.5150771388499299,0.29488078541374474,0.13955119214586256,0.0347124824684432,0.015778401122019635
,True 2,0.32553035844915873,0.34893928310168254,0.23189465983906365,0.07095830285296269,0.02267739575713241
,True 3,0.14586894586894586,0.25242165242165243,0.31339031339031337,0.20512820512820512,0.08319088319088319
,True 4,0.04316866933689364,0.0879394748553627,0.21014686248331108,0.370983533600356,0.2877614597240766
,True 5,0.026510416666666668,0.035130208333333336,0.10484375,0.3270572916666667,0.5064583333333333
10,True 1,0.514726507713885,0.29908835904628334,0.13183730715287517,0.03611500701262272,0.0182328190743338
,True 2,0.3562545720555962,0.3408924652523775,0.21653255303584493,0.06437454279444038,0.021945866861741038
,True 3,0.15128205128205127,0.26296296296296295,0.30256410256410254,0.20028490028490029,0.0829059829059829
,True 4,0.04735202492211838,0.09043168669336894,0.20640854472630174,0.359768580329328,0.29603916332888297
,True 5,0.03138020833333333,0.038489583333333334,0.099765625,0.31799479166666667,0.5123697916666666
,,Predicted 1,Predicted 2,Predicted 3,Predicted 4,Predicted 5
AVG,True 1,1472.909090909091,851.0909090909091,377.8181818181818,100.81818181818181,48.63636363636363
,True 2,436.54545454545456,472.3636363636364,324.54545454545456,99.63636363636364,34.54545454545455
,True 3,534.4545454545455,873.1818181818181,1097.090909090909,694.3636363636364,311.0
,True 4,517.2727272727273,979.5454545454545,2377.7272727272725,4065.909090909091,3294.5454545454545
,True 5,1041.2727272727273,1326.2727272727273,4099.272727272727,12322.727272727272,19611.18181818182
0,True 1,1469.0,853.0,382.0,95.0,53.0
,True 2,412.0,464.0,345.0,108.0,38.0
,True 3,580.0,851.0,1123.0,651.0,305.0
,True 4,494.0,918.0,2424.0,4078.0,3321.0
,True 5,1002.0,1286.0,4159.0,12312.0,19642.0
1,True 1,1455.0,871.0,379.0,96.0,50.0
,True 2,410.0,483.0,336.0,98.0,41.0
,True 3,563.0,874.0,1065.0,709.0,299.0
,True 4,465.0,958.0,2399.0,4048.0,3365.0
,True 5,987.0,1271.0,4225.0,12500.0,19418.0
2,True 1,1473.0,846.0,377.0,105.0,50.0
,True 2,440.0,479.0,328.0,95.0,26.0
,True 3,513.0,854.0,1136.0,681.0,326.0
,True 4,495.0,938.0,2458.0,4039.0,3305.0
,True 5,1056.0,1302.0,4194.0,11983.0,19866.0
3,True 1,1510.0,836.0,359.0,88.0,58.0
,True 2,419.0,482.0,323.0,103.0,41.0
,True 3,520.0,864.0,1124.0,699.0,303.0
,True 4,544.0,927.0,2425.0,4061.0,3278.0
,True 5,1079.0,1348.0,4192.0,12077.0,19705.0
4,True 1,1498.0,814.0,376.0,126.0,37.0
,True 2,433.0,464.0,336.0,100.0,35.0
,True 3,538.0,883.0,1086.0,694.0,309.0
,True 4,526.0,972.0,2431.0,4068.0,3238.0
,True 5,1037.0,1281.0,4317.0,12294.0,19472.0
5,True 1,1459.0,866.0,377.0,108.0,41.0
,True 2,423.0,474.0,344.0,110.0,17.0
,True 3,555.0,845.0,1091.0,688.0,331.0
,True 4,534.0,974.0,2359.0,4031.0,3337.0
,True 5,1038.0,1460.0,4200.0,12028.0,19675.0
6,True 1,1497.0,851.0,351.0,99.0,53.0
,True 2,439.0,484.0,301.0,96.0,48.0
,True 3,551.0,880.0,1068.0,694.0,317.0
,True 4,587.0,980.0,2284.0,4029.0,3355.0
,True 5,1084.0,1241.0,4025.0,12606.0,19445.0
7,True 1,1435.0,857.0,398.0,110.0,51.0
,True 2,451.0,461.0,316.0,96.0,44.0
,True 3,489.0,890.0,1087.0,711.0,333.0
,True 4,502.0,1061.0,2313.0,4115.0,3244.0
,True 5,918.0,1241.0,3860.0,12747.0,19635.0
8,True 1,1469.0,874.0,383.0,80.0,45.0
,True 2,443.0,462.0,328.0,105.0,29.0
,True 3,527.0,855.0,1126.0,688.0,315.0
,True 4,526.0,1043.0,2382.0,4046.0,3238.0
,True 5,1030.0,1332.0,4063.0,12233.0,19742.0
9,True 1,1469.0,841.0,398.0,99.0,45.0
,True 2,445.0,477.0,317.0,97.0,31.0
,True 3,512.0,886.0,1100.0,720.0,292.0
,True 4,485.0,988.0,2361.0,4168.0,3233.0
,True 5,1018.0,1349.0,4026.0,12559.0,19448.0
10,True 1,1468.0,853.0,376.0,103.0,52.0
,True 2,487.0,466.0,296.0,88.0,30.0
,True 3,531.0,923.0,1062.0,703.0,291.0
,True 4,532.0,1016.0,2319.0,4042.0,3326.0
,True 5,1205.0,1478.0,3831.0,12211.0,19675.0
