,Rounded RMSE,Rounded MSE,Rounded MAE,Accuracy,Log Loss
0,0.9253304172394831,0.8562363810685958,0.5111130480257997,0.6152009064760743,1.0840556609720053
1,0.9212049150967234,0.8486184955983613,0.5143380109823062,0.6098143467270984,1.096280164145156
2,0.9152151425112263,0.8376187570818443,0.5065109387257039,0.6146953717423516,1.0815060236343024
3,0.9407256240423136,0.8849646997298004,0.5180162119759435,0.6131264708445916,1.1084481032824398
4,0.931582657477059,0.8678462477120196,0.5153665126819489,0.6123768848601063,1.0880091753712524
5,0.9158434824831524,0.8387692844068683,0.5040355617536826,0.6187570818443302,1.1289647001858527
6,0.9274849660462346,0.860228362241785,0.5141636886603329,0.612359452627909,1.0789125612328907
7,0.9241239393865615,0.8540050553473372,0.5108341323106423,0.6135797088817223,1.0920692538348096
8,0.9273990688171398,0.860069032842898,0.5143469771982428,0.6117076912349209,1.0891733536874855
9,0.9249710474024999,0.8555714385328778,0.5128477790949028,0.6105745763893732,1.0940404547744738
10,0.9337215830752275,0.871835994700509,0.5136322432187435,0.6152639285963322,1.0738808063244438
AVG,0.9261457130525111,0.8577967044784451,0.5122913731480226,0.6134051291113464,1.0923036597677376
,,,,,
,,Predicted 1,Predicted 2,Predicted 3,Predicted 4,Predicted 5
AVG,True 1,0.7454086339180173,0.18160974406845176,0.0525124267717477,0.006631692475172507,0.013837502766610589
,True 2,0.39437992522926885,0.39205019431600885,0.1772102498048673,0.02080516208168001,0.015554468568175108
,True 3,0.13159482267998363,0.2844004903816923,0.3665795242554001,0.1480926154238601,0.06933254725906393
,True 4,0.027705627705627702,0.06748391795120767,0.20238702107860987,0.374414370676053,0.3280090625885019
,True 5,0.014095382974658172,0.015773845518641794,0.04980018923364922,0.2163595591980717,0.7039710230749792
0,True 1,0.7405329593267882,0.18302945301542778,0.0546984572230014,0.007713884992987377,0.014025245441795231
,True 2,0.38551572787125093,0.39795171909290417,0.18141916605705927,0.014630577907827359,0.020482809070958303
,True 3,0.14102564102564102,0.28917378917378916,0.3581196581196581,0.1396011396011396,0.07207977207977208
,True 4,0.028037383177570093,0.06853582554517133,0.20222518914107698,0.3706275033377837,0.3305740987983979
,True 5,0.013385068097184968,0.016301658810968463,0.04968620608838312,0.21194760553110595,0.7086794614723575
1,True 1,0.7520168361978253,0.18379515959312523,0.04384426517011575,0.006313574184496668,0.01403016485443704
,True 2,0.3896198830409357,0.38377192982456143,0.1834795321637427,0.02412280701754386,0.019005847953216373
,True 3,0.13903133903133902,0.28205128205128205,0.3558404558404558,0.15042735042735042,0.07264957264957266
,True 4,0.02572318647085002,0.07378727191811305,0.19804183355585225,0.37712505562972853,0.32532265242545616
,True 5,0.01197885471732507,0.016483945730579933,0.05104033749121117,0.22189526314418895,0.6986015989166949
2,True 1,0.7421957207997194,0.17572781480182392,0.06278498772360576,0.00526131182041389,0.01403016485443704
,True 2,0.3786549707602339,0.40131578947368424,0.18640350877192982,0.019736842105263157,0.013888888888888888
,True 3,0.1264957264957265,0.2831908831908832,0.3752136752136752,0.14415954415954416,0.07094017094017094
,True 4,0.028126390743213173,0.0687138406764575,0.19759679572763686,0.3691143747218514,0.3364485981308411
,True 5,0.0125517564646754,0.016353740788000313,0.04583213978802635,0.2186922215567303,0.7065701414025677
3,True 1,0.7492108032269379,0.17993686425815503,0.04980708523325149,0.006313574184496668,0.014731673097158891
,True 2,0.39035087719298245,0.37792397660818716,0.1915204678362573,0.021198830409356724,0.019005847953216373
,True 3,0.13532763532763534,0.2868945868945869,0.36125356125356123,0.14957264957264957,0.06695156695156695
,True 4,0.029194481530930128,0.061504227859368044,0.19679572763684913,0.38193146417445484,0.3305740987983979
,True 5,0.016249576833936616,0.01645790474206401,0.050649722663472306,0.2145777453712143,0.7020650503893128
4,True 1,0.725359522974395,0.194317783233953,0.055419151175026306,0.008418098912662224,0.016485443703963522
,True 2,0.37646198830409355,0.4057017543859649,0.18128654970760233,0.025584795321637425,0.010964912280701754
,True 3,0.12535612535612536,0.28547008547008546,0.37094017094017095,0.150997150997151,0.06723646723646724
,True 4,0.029372496662216287,0.06764574988874054,0.20222518914107698,0.3846016911437472,0.316154873164219
,True 5,0.014192338741178616,0.01658810968464363,0.04976432905393089,0.21939532824666025,0.7000598942735866
5,True 1,0.7548228691687128,0.17783233952998947,0.047702560505085936,0.006664328305857594,0.012977902490354262
,True 2,0.39546783625730997,0.3925438596491228,0.17763157894736842,0.021929824561403508,0.012426900584795321
,True 3,0.12393162393162394,0.2846153846153846,0.37407407407407406,0.14102564102564102,0.07635327635327635
,True 4,0.0258121940364931,0.06835781041388518,0.2009790832220739,0.3661771250556297,0.3386737872719181
,True 5,0.013202781177573501,0.015598552121038514,0.050128902893153825,0.2080935392307492,0.712976224577485
6,True 1,0.7414942125569975,0.184847421957208,0.0526131182041389,0.006664328305857594,0.014380918975797966
,True 2,0.3969298245614035,0.3932748538011696,0.1739766081871345,0.017543859649122806,0.01827485380116959
,True 3,0.13418803418803418,0.2866096866096866,0.3646723646723647,0.1398860398860399,0.07464387464387465
,True 4,0.027681352914997775,0.06542056074766354,0.20943480195816644,0.36297285269247886,0.33449043168669335
,True 5,0.013801723913439755,0.01562459310955444,0.05189969011223666,0.21249446628994037,0.7061795265748287
7,True 1,0.7513153279551035,0.1767800771659067,0.0526131182041389,0.006664328305857594,0.012627148368993335
,True 2,0.3815789473684211,0.38669590643274854,0.19517543859649122,0.02266081871345029,0.013888888888888888
,True 3,0.11994301994301994,0.2675213675213675,0.392022792022792,0.15954415954415954,0.06096866096866097
,True 4,0.0267022696929239,0.06844681797952826,0.21815754339118826,0.3639519359145527,0.32274143302180686
,True 5,0.01486940444259264,0.014244420718210464,0.05106637847972709,0.21509856514153278,0.7047212312179371
8,True 1,0.7432479831638021,0.1876534549280954,0.05506839705366538,0.003156787092248334,0.010873377762188706
,True 2,0.40819312362838334,0.39795171909290417,0.16020482809070957,0.019751280175566936,0.013899049012435992
,True 3,0.12389632583309598,0.29706636285958415,0.364568499003133,0.144118484762176,0.07035032754201083
,True 4,0.027592345349354695,0.06951490876724521,0.20587449933244326,0.37703604806408547,0.31998219848687137
,True 5,0.0140625,0.016510416666666666,0.05018229166666666,0.2184375,0.7008072916666667
9,True 1,0.7377279102384292,0.18688639551192146,0.05084151472650771,0.008415147265077139,0.016129032258064516
,True 2,0.4001463057790783,0.39795171909290417,0.15801024140453548,0.027798098024871983,0.016093635698610095
,True 3,0.14273504273504273,0.2729344729344729,0.34957264957264955,0.1683760683760684,0.06638176638176638
,True 4,0.025990209167779263,0.06755674232309747,0.18397863818424567,0.3981308411214953,0.3243435692033823
,True 5,0.014427083333333333,0.0159375,0.044375,0.230546875,0.6947135416666667
10,True 1,0.761570827489481,0.16690042075736325,0.052244039270687236,0.007363253856942496,0.011921458625525946
,True 2,0.4352596927578639,0.3774689100219459,0.16020482809070957,0.013899049012435992,0.013167520117044623
,True 3,0.1356125356125356,0.2928774928774929,0.3660968660968661,0.1413105413105413,0.0641025641025641
,True 4,0.030529595015576325,0.06283934134401424,0.2109479305740988,0.3668891855807744,0.32879394748553625
,True 5,0.016328125,0.013411458333333333,0.05317708333333333,0.20877604166666666,0.7083072916666666
,,Predicted 1,Predicted 2,Predicted 3,Predicted 4,Predicted 5
AVG,True 1,2125.3636363636365,517.8181818181819,149.72727272727272,18.90909090909091,39.45454545454545
,True 2,539.3636363636364,536.1818181818181,242.36363636363637,28.454545454545453,21.272727272727273
,True 3,461.90909090909093,998.2727272727273,1286.7272727272727,519.8181818181819,243.36363636363637
,True 4,311.27272727272725,758.1818181818181,2273.818181818182,4206.545454545455,3685.181818181818
,True 5,541.2727272727273,605.7272727272727,1912.3636363636363,8308.363636363636,27033.0
0,True 1,2112.0,522.0,156.0,22.0,40.0
,True 2,527.0,544.0,248.0,20.0,28.0
,True 3,495.0,1015.0,1257.0,490.0,253.0
,True 4,315.0,770.0,2272.0,4164.0,3714.0
,True 5,514.0,626.0,1908.0,8139.0,27214.0
1,True 1,2144.0,524.0,125.0,18.0,40.0
,True 2,533.0,525.0,251.0,33.0,26.0
,True 3,488.0,990.0,1249.0,528.0,255.0
,True 4,289.0,829.0,2225.0,4237.0,3655.0
,True 5,460.0,633.0,1960.0,8521.0,26827.0
2,True 1,2116.0,501.0,179.0,15.0,40.0
,True 2,518.0,549.0,255.0,27.0,19.0
,True 3,444.0,994.0,1317.0,506.0,249.0
,True 4,316.0,772.0,2220.0,4147.0,3780.0
,True 5,482.0,628.0,1760.0,8398.0,27133.0
3,True 1,2136.0,513.0,142.0,18.0,42.0
,True 2,534.0,517.0,262.0,29.0,26.0
,True 3,475.0,1007.0,1268.0,525.0,235.0
,True 4,328.0,691.0,2211.0,4291.0,3714.0
,True 5,624.0,632.0,1945.0,8240.0,26960.0
4,True 1,2068.0,554.0,158.0,24.0,47.0
,True 2,515.0,555.0,248.0,35.0,15.0
,True 3,440.0,1002.0,1302.0,530.0,236.0
,True 4,330.0,760.0,2272.0,4321.0,3552.0
,True 5,545.0,637.0,1911.0,8425.0,26883.0
5,True 1,2152.0,507.0,136.0,19.0,37.0
,True 2,541.0,537.0,243.0,30.0,17.0
,True 3,435.0,999.0,1313.0,495.0,268.0
,True 4,290.0,768.0,2258.0,4114.0,3805.0
,True 5,507.0,599.0,1925.0,7991.0,27379.0
6,True 1,2114.0,527.0,150.0,19.0,41.0
,True 2,543.0,538.0,238.0,24.0,25.0
,True 3,471.0,1006.0,1280.0,491.0,262.0
,True 4,311.0,735.0,2353.0,4078.0,3758.0
,True 5,530.0,600.0,1993.0,8160.0,27118.0
7,True 1,2142.0,504.0,150.0,19.0,36.0
,True 2,522.0,529.0,267.0,31.0,19.0
,True 3,421.0,939.0,1376.0,560.0,214.0
,True 4,300.0,769.0,2451.0,4089.0,3626.0
,True 5,571.0,547.0,1961.0,8260.0,27062.0
8,True 1,2119.0,535.0,157.0,9.0,31.0
,True 2,558.0,544.0,219.0,27.0,19.0
,True 3,435.0,1043.0,1280.0,506.0,247.0
,True 4,310.0,781.0,2313.0,4236.0,3595.0
,True 5,540.0,634.0,1927.0,8388.0,26911.0
9,True 1,2104.0,533.0,145.0,24.0,46.0
,True 2,547.0,544.0,216.0,38.0,22.0
,True 3,501.0,958.0,1227.0,591.0,233.0
,True 4,292.0,759.0,2067.0,4473.0,3644.0
,True 5,554.0,612.0,1704.0,8853.0,26677.0
10,True 1,2172.0,476.0,149.0,21.0,34.0
,True 2,595.0,516.0,219.0,19.0,18.0
,True 3,476.0,1028.0,1285.0,496.0,225.0
,True 4,343.0,706.0,2370.0,4122.0,3694.0
,True 5,627.0,515.0,2042.0,8017.0,27199.0
