,Rounded RMSE,Rounded MSE,Rounded MAE,Accuracy,Log Loss
0,0.741951791263809,0.5504924605595747,0.34067811383247626,0.7355530375664604,0.8517753154819209
1,0.750060284046905,0.5625904297045237,0.34468752723786283,0.7343676457770417,0.8422811763866968
2,0.749316199507187,0.5614747668438944,0.34447834045149484,0.7339318399721084,0.838662821449176
3,0.7482452816301214,0.5598710014817397,0.3442342892007322,0.7337749498823324,0.8611677655047881
4,0.752612463880274,0.5664255207879368,0.3441645602719428,0.7357273598884337,0.8581364708386837
5,0.748769291524846,0.5606554519306197,0.34338010982306283,0.7345942647956071,0.8480068086887714
6,0.748862410452146,0.5607949097881983,0.34285714285714286,0.7355356053342631,0.8464591321681729
7,0.7491300628921103,0.561195851128737,0.34179377669310557,0.736633835962695,0.8637367717686648
8,0.749659988474444,0.5619900983195035,0.3440833972526323,0.7345199079562095,0.8515510475579295
9,0.7504734344701869,0.563210375845478,0.3459661111498501,0.7324105710898822,0.8541338861187435
10,0.7527811438435893,0.5666794505264626,0.3457394881807405,0.7337354438323688,0.8373047720381663
AVG,0.7492602138168745,0.561398210628788,0.34382389608645847,0.7346167692779456,0.8502923607274286
,,,,,
,,Predicted 1,Predicted 2,Predicted 3,Predicted 4,Predicted 5
AVG,True 1,0.7813099371732868,0.0127533872056721,0.09523628453220834,0.03150120170070356,0.07919918938812925
,True 2,0.46224736293750274,0.027253777913116454,0.28084064181646284,0.11652475550562023,0.11313346182729772
,True 3,0.15169244608150903,0.013467652003681625,0.25819070430292307,0.2683174668933712,0.3083317307185151
,True 4,0.022187158635756765,0.0014726706315491363,0.048921794716187246,0.1937694704049844,0.7336489056115224
,True 5,0.004893374666990995,0.00015151213066184356,0.005132478535419296,0.03169447528591821,0.9581281593810097
0,True 1,0.7861150070126227,0.011921458625525946,0.09747545582047686,0.029102384291725104,0.07538569424964937
,True 2,0.4637893196781273,0.033650329188002925,0.2692026335040234,0.12070226773957571,0.11265544989027067
,True 3,0.1623931623931624,0.017094017094017096,0.2678062678062678,0.25783475783475784,0.2948717948717949
,True 4,0.020382732532265243,0.0009790832220738764,0.05082331998219849,0.19679572763684913,0.7310191366266132
,True 5,0.00460925496731856,7.81229655477722e-05,0.005208197703184813,0.03294185047264394,0.9571625738913049
1,True 1,0.7828831988775868,0.012627148368993335,0.09400210452472817,0.02981410031567871,0.08067344791301298
,True 2,0.4517543859649123,0.027777777777777776,0.2807017543859649,0.12938596491228072,0.11038011695906433
,True 3,0.15612535612535614,0.014814814814814815,0.24871794871794872,0.2638176638176638,0.31652421652421653
,True 4,0.023141967067200713,0.0017801513128615932,0.04886515353805074,0.19528259902091677,0.7309301290609702
,True 5,0.004531132001770787,0.00018228691961146845,0.005025910783573345,0.03221270279419807,0.9580479675008463
2,True 1,0.7762188705717292,0.011224131883549631,0.0985619081024202,0.03332164152928797,0.08067344791301298
,True 2,0.45248538011695905,0.027777777777777776,0.30043859649122806,0.11257309941520467,0.1067251461988304
,True 3,0.14957264957264957,0.011396011396011397,0.245014245014245,0.2754985754985755,0.31851851851851853
,True 4,0.02109479305740988,0.0014241210502892747,0.04539385847797063,0.19590565198041834,0.7361815754339118
,True 5,0.0047915418869300275,0.0001562459310955444,0.005051951772089268,0.03195229290903883,0.9580479675008463
3,True 1,0.7790249035426167,0.01578393546124167,0.09961417046650298,0.030866362679761488,0.07471062784987724
,True 2,0.44956140350877194,0.021198830409356724,0.2887426900584795,0.11257309941520467,0.12792397660818713
,True 3,0.150997150997151,0.01339031339031339,0.27008547008547007,0.26324786324786326,0.3022792022792023
,True 4,0.02127280818869604,0.0009790832220738764,0.04619492656875834,0.19234534935469516,0.7392078326657766
,True 5,0.0048957058409937245,0.00013020494257962031,0.005676935496471446,0.032707481576000626,0.9565896721439546
4,True 1,0.7737635917222028,0.013679410733076113,0.09645738337425465,0.03262013328656612,0.08347948088390039
,True 2,0.4517543859649123,0.02850877192982456,0.2814327485380117,0.1162280701754386,0.12207602339181287
,True 3,0.14415954415954416,0.014245014245014245,0.2641025641025641,0.2658119658119658,0.31168091168091167
,True 4,0.024922118380062305,0.0016021361815754338,0.05189141076991544,0.19492656875834447,0.7266577659101023
,True 5,0.004635295955834484,0.00010416395406369626,0.0050779927606051925,0.03075440743730632,0.9594281398921903
5,True 1,0.7877937565766397,0.011925640126271484,0.08839003858295336,0.030866362679761488,0.08102420203437391
,True 2,0.4678362573099415,0.027046783625730993,0.27923976608187134,0.10818713450292397,0.11769005847953216
,True 3,0.14643874643874644,0.010541310541310541,0.26096866096866095,0.2797720797720798,0.3022792022792023
,True 4,0.022696929238985315,0.0014241210502892747,0.04948820649755229,0.18958611481975968,0.7368046283934134
,True 5,0.0047915418869300275,0.00026040988515924063,0.005442566599828129,0.030910653368401864,0.9585948282596808
6,True 1,0.7856892318484742,0.013328656611715188,0.09014380918975798,0.0336723956506489,0.07716590669940372
,True 2,0.47149122807017546,0.029239766081871343,0.2741228070175439,0.10964912280701754,0.1154970760233918
,True 3,0.14814814814814814,0.01339031339031339,0.26153846153846155,0.2601139601139601,0.31680911680911683
,True 4,0.022429906542056073,0.0012461059190031153,0.050734312416555405,0.19376947040498443,0.731820204717401
,True 5,0.005051951772089268,0.0001562459310955444,0.004635295955834484,0.031353350173172576,0.9588031561678081
7,True 1,0.7895475271834445,0.011224131883549631,0.08733777621887057,0.030164854437039635,0.08172571027709576
,True 2,0.4415204678362573,0.023391812865497075,0.2945906432748538,0.1286549707602339,0.1118421052631579
,True 3,0.14415954415954416,0.014245014245014245,0.2547008547008547,0.2797720797720798,0.3071225071225071
,True 4,0.021806853582554516,0.0012461059190031153,0.046461949265687585,0.2012461059190031,0.7292389853137516
,True 5,0.005234238691700737,0.00020832790812739253,0.004947787818025572,0.030806489414338167,0.9588031561678081
8,True 1,0.7804279200280604,0.009470361276745002,0.09821115398105927,0.03437390389337075,0.07751666082076464
,True 2,0.4747622531089978,0.027798098024871983,0.2816386247256767,0.1141185076810534,0.10168251645940014
,True 3,0.15465679293648532,0.013956137852463685,0.2569068641412703,0.26260324693819426,0.31187695813158645
,True 4,0.022607921673342236,0.0020471740097908323,0.04913217623497997,0.19190031152647974,0.7343124165554072
,True 5,0.005078125,5.208333333333334e-05,0.004635416666666667,0.031536458333333336,0.9586979166666667
9,True 1,0.7773492286115007,0.014375876577840112,0.09431977559607294,0.03541374474053296,0.0785413744740533
,True 2,0.4637893196781273,0.027066569129480616,0.2779809802487198,0.12070226773957571,0.11046086320409657
,True 3,0.15527065527065528,0.01282051282051282,0.24786324786324787,0.27663817663817664,0.3074074074074074
,True 4,0.019314641744548288,0.0022251891410769915,0.04610591900311527,0.1859368046283934,0.746417445482866
,True 5,0.005104166666666667,0.00015625,0.005286458333333333,0.03109375,0.958359375
10,True 1,0.7755960729312763,0.014726507713884993,0.10308555399719495,0.026297335203366058,0.0802945301542777
,True 2,0.4959765910753475,0.026335040234089245,0.26115581565471835,0.10899780541331383,0.1075347476225311
,True 3,0.15669515669515668,0.01225071225071225,0.2623931623931624,0.26638176638176636,0.3022792022792023
,True 4,0.024388072986203827,0.0012461059190031153,0.05304850912327548,0.19376947040498443,0.7275478415665332
,True 5,0.005104166666666667,0.00018229166666666667,0.00546875,0.03236979166666667,0.956875
,,Predicted 1,Predicted 2,Predicted 3,Predicted 4,Predicted 5
AVG,True 1,2227.7272727272725,36.36363636363637,271.54545454545456,89.81818181818181,225.8181818181818
,True 2,632.1818181818181,37.27272727272727,384.09090909090907,159.36363636363637,154.72727272727272
,True 3,532.4545454545455,47.27272727272727,906.2727272727273,941.8181818181819,1082.2727272727273
,True 4,249.27272727272728,16.545454545454547,549.6363636363636,2177.0,8242.545454545454
,True 5,187.9090909090909,5.818181818181818,197.0909090909091,1217.090909090909,36792.818181818184
0,True 1,2242.0,34.0,278.0,83.0,215.0
,True 2,634.0,46.0,368.0,165.0,154.0
,True 3,570.0,60.0,940.0,905.0,1035.0
,True 4,229.0,11.0,571.0,2211.0,8213.0
,True 5,177.0,3.0,200.0,1265.0,36756.0
1,True 1,2232.0,36.0,268.0,85.0,230.0
,True 2,618.0,38.0,384.0,177.0,151.0
,True 3,548.0,52.0,873.0,926.0,1111.0
,True 4,260.0,20.0,549.0,2194.0,8212.0
,True 5,174.0,7.0,193.0,1237.0,36790.0
2,True 1,2213.0,32.0,281.0,95.0,230.0
,True 2,619.0,38.0,411.0,154.0,146.0
,True 3,525.0,40.0,860.0,967.0,1118.0
,True 4,237.0,16.0,510.0,2201.0,8271.0
,True 5,184.0,6.0,194.0,1227.0,36790.0
3,True 1,2221.0,45.0,284.0,88.0,213.0
,True 2,615.0,29.0,395.0,154.0,175.0
,True 3,530.0,47.0,948.0,924.0,1061.0
,True 4,239.0,11.0,519.0,2161.0,8305.0
,True 5,188.0,5.0,218.0,1256.0,36734.0
4,True 1,2206.0,39.0,275.0,93.0,238.0
,True 2,618.0,39.0,385.0,159.0,167.0
,True 3,506.0,50.0,927.0,933.0,1094.0
,True 4,280.0,18.0,583.0,2190.0,8164.0
,True 5,178.0,4.0,195.0,1181.0,36843.0
5,True 1,2246.0,34.0,252.0,88.0,231.0
,True 2,640.0,37.0,382.0,148.0,161.0
,True 3,514.0,37.0,916.0,982.0,1061.0
,True 4,255.0,16.0,556.0,2130.0,8278.0
,True 5,184.0,10.0,209.0,1187.0,36811.0
6,True 1,2240.0,38.0,257.0,96.0,220.0
,True 2,645.0,40.0,375.0,150.0,158.0
,True 3,520.0,47.0,918.0,913.0,1112.0
,True 4,252.0,14.0,570.0,2177.0,8222.0
,True 5,194.0,6.0,178.0,1204.0,36819.0
7,True 1,2251.0,32.0,249.0,86.0,233.0
,True 2,604.0,32.0,403.0,176.0,153.0
,True 3,506.0,50.0,894.0,982.0,1078.0
,True 4,245.0,14.0,522.0,2261.0,8193.0
,True 5,201.0,8.0,190.0,1183.0,36819.0
8,True 1,2225.0,27.0,280.0,98.0,221.0
,True 2,649.0,38.0,385.0,156.0,139.0
,True 3,543.0,49.0,902.0,922.0,1095.0
,True 4,254.0,23.0,552.0,2156.0,8250.0
,True 5,195.0,2.0,178.0,1211.0,36814.0
9,True 1,2217.0,41.0,269.0,101.0,224.0
,True 2,634.0,37.0,380.0,165.0,151.0
,True 3,545.0,45.0,870.0,971.0,1079.0
,True 4,217.0,25.0,518.0,2089.0,8386.0
,True 5,196.0,6.0,203.0,1194.0,36801.0
10,True 1,2212.0,42.0,294.0,75.0,229.0
,True 2,678.0,36.0,357.0,149.0,147.0
,True 3,550.0,43.0,921.0,935.0,1061.0
,True 4,274.0,14.0,596.0,2177.0,8174.0
,True 5,196.0,7.0,210.0,1243.0,36744.0
