,Rounded RMSE,Rounded MSE,Rounded MAE,Accuracy,Log Loss
0,0.7490602497366637,0.561091257735553,0.34688398849472674,0.7311252505883379,0.8917030428077157
1,0.7549020484559629,0.5698771027630088,0.350091519219036,0.7300095877277085,0.8686191842981197
2,0.7570811017640744,0.5731717946483047,0.3517475812777826,0.7283709579011592,0.8829334735868204
3,0.758059057320126,0.574653534385078,0.35249716726226793,0.7281269066503966,0.8869743575836814
4,0.7602978493087811,0.5780528196635579,0.35059705395275864,0.7312124117493245,0.8885747055456873
5,0.7617066260863363,0.5801969842238298,0.35277608297742524,0.7286150091519219,0.8777845761995591
6,0.7601144018819802,0.5777739039484006,0.35227054824370263,0.7295389174583805,0.8973038238961681
7,0.7618096050284519,0.5803538743136059,0.3502135448444173,0.7313518696069031,0.8767581423643299
8,0.7540884080160012,0.5686493271041071,0.34791855519140924,0.7313994839969319,0.8729445224250374
9,0.7561430542743214,0.5717523185272994,0.3512307370476257,0.7289763614810683,0.8731446193567548
10,0.7632679237569869,0.5825779234363015,0.35114357436719895,0.7309811031308835,0.8644897832496117
AVG,0.7578663932390625,0.5743773491590042,0.3506700320798501,0.729973441767547,0.8801118392103168
,,,,,
,,Predicted 1,Predicted 2,Predicted 3,Predicted 4,Predicted 5
AVG,True 1,0.7609040905497502,0.014889753950210088,0.10374946227465681,0.03806922132361448,0.08238747190176847
,True 2,0.45068183665477,0.031308639469036795,0.28409858994985854,0.1144621045864645,0.11944882933987003
,True 3,0.14726365230495106,0.01489214605135995,0.2619201236119493,0.2662452730239685,0.3096788050077712
,True 4,0.021475098110612132,0.0018691588785046725,0.05142209815107012,0.19092122830440592,0.7343124165554072
,True 5,0.004891008044199448,0.00023437031459486933,0.006152819334033283,0.03566693357446894,0.9530548687327034
0,True 1,0.7629733520336606,0.014726507713884993,0.11185133239831697,0.033309957924263674,0.07713884992987377
,True 2,0.44696415508412585,0.03438185808339429,0.2896854425749817,0.1075347476225311,0.12143379663496708
,True 3,0.15128205128205127,0.018233618233618232,0.2809116809116809,0.2601139601139601,0.28945868945868947
,True 4,0.0210057854917668,0.0015131286159323543,0.05376056964842012,0.1943035157988429,0.7294170004450379
,True 5,0.004348845082159319,0.0002864508736751647,0.006978984922267649,0.036613629853389236,0.9517720892685086
1,True 1,0.7646439845668187,0.012977902490354262,0.10557699052963872,0.03612767450017538,0.08067344791301298
,True 2,0.42543859649122806,0.03435672514619883,0.29239766081871343,0.125,0.12280701754385964
,True 3,0.14871794871794872,0.01452991452991453,0.25584045584045584,0.26495726495726496,0.315954415954416
,True 4,0.021806853582554516,0.002937249666221629,0.05482866043613707,0.1917222963951936,0.7287049399198932
,True 5,0.00429676310512747,0.00020832790812739253,0.005885263404598839,0.03656154787635739,0.9530480977057889
2,True 1,0.758330410382322,0.013679410733076113,0.1052262364082778,0.04244124868467204,0.08032269379165205
,True 2,0.44298245614035087,0.038011695906432746,0.2902046783625731,0.1111111111111111,0.11769005847953216
,True 3,0.14358974358974358,0.01566951566951567,0.2535612535612536,0.2717948717948718,0.3153846153846154
,True 4,0.0210057854917668,0.001869158878504673,0.04913217623497997,0.18629283489096574,0.7417000445037828
,True 5,0.004713418921382256,0.00018228691961146845,0.006041509335694383,0.03632717897971407,0.9527356058435978
3,True 1,0.7562258856541564,0.01929147667485093,0.11224131883549632,0.03612767450017538,0.07611364433532095
,True 2,0.4371345029239766,0.027046783625730993,0.2858187134502924,0.11769005847953216,0.13230994152046785
,True 3,0.14843304843304844,0.01566951566951567,0.26467236467236466,0.26353276353276356,0.3076923076923077
,True 4,0.020293724966622163,0.0013351134846461949,0.045838896306186025,0.187716955941255,0.7448153093012906
,True 5,0.004973828806541496,0.0002864508736751647,0.006718575037108408,0.03653550688784146,0.9514856383948335
4,True 1,0.7474570326201333,0.014380918975797966,0.1094352858646089,0.041388986320589266,0.08733777621887057
,True 2,0.44590643274853803,0.029239766081871343,0.2821637426900585,0.1206140350877193,0.12207602339181287
,True 3,0.13846153846153847,0.01225071225071225,0.2643874643874644,0.27037037037037037,0.3145299145299145
,True 4,0.024477080551846907,0.002136181575433912,0.053493546951490875,0.19510458388963062,0.7247886070315976
,True 5,0.004479050024738939,0.00020832790812739253,0.005286320668732585,0.0354938673472045,0.9545324340511966
5,True 1,0.758330410382322,0.011925640126271484,0.10242020343739039,0.03858295334970186,0.08874079270431427
,True 2,0.4466374269005848,0.03070175438596491,0.2850877192982456,0.12280701754385964,0.11476608187134503
,True 3,0.13931623931623932,0.01452991452991453,0.2621082621082621,0.2717948717948718,0.31225071225071227
,True 4,0.02064975522919448,0.0020471740097908323,0.05473965287049399,0.185491766800178,0.7370716510903427
,True 5,0.0050779927606051925,0.0002864508736751647,0.006171714278274004,0.03565011327830005,0.9528137288091456
6,True 1,0.7621887057172921,0.016485443703963522,0.10066643283058575,0.03858295334970186,0.08207646439845669
,True 2,0.45614035087719296,0.029970760233918127,0.27850877192982454,0.11842105263157894,0.11695906432748537
,True 3,0.15042735042735042,0.012535612535612535,0.2584045584045584,0.2492877492877493,0.32934472934472936
,True 4,0.022607921673342236,0.0016911437472185136,0.05402759234534935,0.18736092567868268,0.7343124165554072
,True 5,0.0046873779328663314,0.00023436889664331658,0.006067550324210307,0.035285539439077106,0.9537251634072029
7,True 1,0.7692037881445107,0.016134689582602595,0.09049456331111891,0.03823219922834093,0.08593475973342687
,True 2,0.44298245614035087,0.02266081871345029,0.2953216374269006,0.11769005847953216,0.12134502923976608
,True 3,0.1433048433048433,0.014814814814814815,0.2586894586894587,0.28433048433048436,0.29886039886039883
,True 4,0.022518914107699156,0.0016021361815754338,0.04824210057854918,0.19697374276813528,0.730663106364041
,True 5,0.005624853519439598,0.0002864508736751647,0.005963386370146611,0.03479076065727455,0.9533345485794641
8,True 1,0.7667485092949842,0.016485443703963522,0.10206944931602946,0.03612767450017538,0.07856892318484743
,True 2,0.4637893196781273,0.036576444769568395,0.2809070958302853,0.10534016093635698,0.11338697878566203
,True 3,0.15038450583879237,0.014240956992309883,0.2640273426374252,0.2700085445741954,0.3013386499572771
,True 4,0.021361815754339118,0.0017801513128615932,0.05002225189141077,0.1925233644859813,0.7343124165554072
,True 5,0.005260416666666667,0.00013020833333333333,0.005859375,0.03484375,0.95390625
9,True 1,0.7640252454417953,0.012973352033660589,0.10553997194950912,0.03927068723702665,0.07819074333800842
,True 2,0.45574250182882226,0.03218727139722019,0.2904169714703731,0.10460863204096561,0.11704462326261887
,True 3,0.1544159544159544,0.012535612535612535,0.249002849002849,0.2618233618233618,0.32222222222222224
,True 4,0.017623497997329773,0.002314196706720071,0.04824210057854918,0.18834000890075656,0.7434801958166444
,True 5,0.005,0.000234375,0.006640625,0.034895833333333334,0.9532291666666667
10,True 1,0.7598176718092566,0.014726507713884993,0.09572230014025246,0.038569424964936885,0.091164095371669
,True 2,0.49378200438917336,0.029261155815654718,0.25457205559619606,0.10826627651792246,0.1141185076810534
,True 3,0.15156695156695157,0.018803418803418803,0.2695156695156695,0.2606837606837607,0.29943019943019944
,True 4,0.022874944370271474,0.0013351134846461949,0.053315531820204716,0.1943035157988429,0.7281708945260347
,True 5,0.005338541666666667,0.000234375,0.006067708333333333,0.03533854166666667,0.9530208333333333
,,Predicted 1,Predicted 2,Predicted 3,Predicted 4,Predicted 5
AVG,True 1,2169.5454545454545,42.45454545454545,295.8181818181818,108.54545454545455,234.9090909090909
,True 2,616.3636363636364,42.81818181818182,388.54545454545456,156.54545454545453,163.36363636363637
,True 3,516.9090909090909,52.27272727272727,919.3636363636364,934.5454545454545,1087.0
,True 4,241.27272727272728,21.0,577.7272727272727,2145.0,8250.0
,True 5,187.8181818181818,9.0,236.27272727272728,1369.6363636363637,36598.0
0,True 1,2176.0,42.0,319.0,95.0,220.0
,True 2,611.0,47.0,396.0,147.0,166.0
,True 3,531.0,64.0,986.0,913.0,1016.0
,True 4,236.0,17.0,604.0,2183.0,8195.0
,True 5,167.0,11.0,268.0,1406.0,36549.0
1,True 1,2180.0,37.0,301.0,103.0,230.0
,True 2,582.0,47.0,400.0,171.0,168.0
,True 3,522.0,51.0,898.0,930.0,1109.0
,True 4,245.0,33.0,616.0,2154.0,8187.0
,True 5,165.0,8.0,226.0,1404.0,36598.0
2,True 1,2162.0,39.0,300.0,121.0,229.0
,True 2,606.0,52.0,397.0,152.0,161.0
,True 3,504.0,55.0,890.0,954.0,1107.0
,True 4,236.0,21.0,552.0,2093.0,8333.0
,True 5,181.0,7.0,232.0,1395.0,36586.0
3,True 1,2156.0,55.0,320.0,103.0,217.0
,True 2,598.0,37.0,391.0,161.0,181.0
,True 3,521.0,55.0,929.0,925.0,1080.0
,True 4,228.0,15.0,515.0,2109.0,8368.0
,True 5,191.0,11.0,258.0,1403.0,36538.0
4,True 1,2131.0,41.0,312.0,118.0,249.0
,True 2,610.0,40.0,386.0,165.0,167.0
,True 3,486.0,43.0,928.0,949.0,1104.0
,True 4,275.0,24.0,601.0,2192.0,8143.0
,True 5,172.0,8.0,203.0,1363.0,36655.0
5,True 1,2162.0,34.0,292.0,110.0,253.0
,True 2,611.0,42.0,390.0,168.0,157.0
,True 3,489.0,51.0,920.0,954.0,1096.0
,True 4,232.0,23.0,615.0,2084.0,8281.0
,True 5,195.0,11.0,237.0,1369.0,36589.0
6,True 1,2173.0,47.0,287.0,110.0,234.0
,True 2,624.0,41.0,381.0,162.0,160.0
,True 3,528.0,44.0,907.0,875.0,1156.0
,True 4,254.0,19.0,607.0,2105.0,8250.0
,True 5,180.0,9.0,233.0,1355.0,36624.0
7,True 1,2193.0,46.0,258.0,109.0,245.0
,True 2,606.0,31.0,404.0,161.0,166.0
,True 3,503.0,52.0,908.0,998.0,1049.0
,True 4,253.0,18.0,542.0,2213.0,8209.0
,True 5,216.0,11.0,229.0,1336.0,36609.0
8,True 1,2186.0,47.0,291.0,103.0,224.0
,True 2,634.0,50.0,384.0,144.0,155.0
,True 3,528.0,50.0,927.0,948.0,1058.0
,True 4,240.0,20.0,562.0,2163.0,8250.0
,True 5,202.0,5.0,225.0,1338.0,36630.0
9,True 1,2179.0,37.0,301.0,112.0,223.0
,True 2,623.0,44.0,397.0,143.0,160.0
,True 3,542.0,44.0,874.0,919.0,1131.0
,True 4,198.0,26.0,542.0,2116.0,8353.0
,True 5,192.0,9.0,255.0,1340.0,36604.0
10,True 1,2167.0,42.0,273.0,110.0,260.0
,True 2,675.0,40.0,348.0,148.0,156.0
,True 3,532.0,66.0,946.0,915.0,1051.0
,True 4,257.0,15.0,599.0,2183.0,8181.0
,True 5,205.0,9.0,233.0,1357.0,36596.0
