,Rounded RMSE,Rounded MSE,Rounded MAE,Accuracy,Log Loss
0,0.7560475282757383,0.5716078650118533,0.3456979500766978,0.7354622786222285,0.808655987150992
1,0.7615608307274873,0.5799748988983405,0.34834751080741877,0.7335099707153814,0.8763604328355763
2,0.7375612877493269,0.5439966531864454,0.3391437735322828,0.7364384325756519,0.8633399341427328
3,0.7460001890004477,0.5565162819887037,0.34244473886060944,0.735095181647026,0.8812190442034519
4,0.7531631458172121,0.5672547242172792,0.34760476954187297,0.7309113729865421,0.8429987345271136
5,0.7316068534155329,0.5352485879645771,0.33609929572554215,0.7373962764102922,0.8195571466969442
6,0.7419230144907233,0.550449759431002,0.3386095809218325,0.7374660065546336,0.8679020037859504
7,0.7696476961442701,0.5923575761801827,0.35276480022313644,0.7317481347186389,0.8735717304067798
8,0.7430499868078834,0.5521232828951956,0.34293284987099926,0.7341189596262464,0.8466393250840305
9,0.7498692445813736,0.5623038839690399,0.34446691304651,0.7348859912140018,0.848787779638762
10,0.7372087526588803,0.5434767449968622,0.3395858029426121,0.7349557213583432,0.891537911021046
AVG,0.7479671390608069,0.5595736598854074,0.3434270895954104,0.7347262114935442,0.8564154572266709
,,,,,
,,Predicted 1,Predicted 2,Predicted 3,Predicted 4,Predicted 5
AVG,True 1,0.7793659844103451,0.014284726808561847,0.09411849398375707,0.03456349109704925,0.07766730370028667
,True 2,0.46556629733045846,0.028186635610620795,0.27439700290448865,0.1135284002238779,0.1183216639305542
,True 3,0.1564264080114606,0.013882064201152622,0.2554662502039536,0.27152090668478857,0.30270437089864477
,True 4,0.022365154129127072,0.001488871148892509,0.049099923387926236,0.19539713941636333,0.7316489119176908
,True 5,0.004640021320380137,0.00015151416519112594,0.005141899478589667,0.03189306057923259,0.9581735044566063
0,True 1,0.782608695652174,0.011220196353436185,0.08555399719495091,0.0364656381486676,0.08415147265077139
,True 2,0.4678362573099415,0.038011695906432746,0.23684210526315788,0.1111111111111111,0.14619883040935672
,True 3,0.16400911161731208,0.009111617312072893,0.25968109339407747,0.25968109339407747,0.30751708428246016
,True 4,0.021003915984336062,0.002847988608045568,0.053399786400854396,0.19223923104307583,0.7305090779636881
,True 5,0.004791666666666666,0.0003125,0.005104166666666667,0.030520833333333334,0.9592708333333333
1,True 1,0.7657784011220197,0.012622720897615708,0.07994389901823282,0.03506311360448808,0.10659186535764376
,True 2,0.47076023391812866,0.017543859649122806,0.260233918128655,0.10818713450292397,0.14327485380116958
,True 3,0.1674259681093394,0.007972665148063782,0.25626423690205014,0.2722095671981777,0.296127562642369
,True 4,0.02135991456034176,0.000355998576005696,0.04521181915272339,0.19366322534709862,0.7394090423638305
,True 5,0.004270833333333333,0.00020833333333333335,0.005104166666666667,0.0321875,0.9582291666666667
2,True 1,0.7980364656381487,0.012622720897615708,0.08835904628330996,0.0364656381486676,0.06451612903225806
,True 2,0.4590643274853801,0.03216374269005848,0.24853801169590642,0.12280701754385964,0.13742690058479531
,True 3,0.1560364464692483,0.01366742596810934,0.2630979498861048,0.2642369020501139,0.30296127562642367
,True 4,0.023495906016375936,0.000711997152011392,0.05482378070487718,0.19117123531505875,0.7297970808116767
,True 5,0.0036458333333333334,0.0003125,0.004895833333333334,0.03135416666666667,0.9597916666666667
3,True 1,0.7991573033707865,0.02247191011235955,0.07724719101123595,0.04073033707865169,0.060393258426966294
,True 2,0.4590643274853801,0.014619883040935672,0.2719298245614035,0.12280701754385964,0.13157894736842105
,True 3,0.15034168564920272,0.018223234624145785,0.2528473804100228,0.26765375854214124,0.3109339407744875
,True 4,0.022783908864364544,0.000355998576005696,0.050907796368814526,0.1933072267710929,0.7326450694197223
,True 5,0.005416666666666667,0.0,0.005,0.0309375,0.9586458333333333
4,True 1,0.7682584269662921,0.012640449438202247,0.09410112359550561,0.04073033707865169,0.08426966292134831
,True 2,0.4678362573099415,0.023391812865497075,0.30116959064327486,0.1111111111111111,0.09649122807017543
,True 3,0.16970387243735763,0.022779043280182234,0.2437357630979499,0.285876993166287,0.27790432801822323
,True 4,0.02135991456034176,0.002491990032039872,0.05660377358490566,0.1954432182271271,0.7241011035955857
,True 5,0.005104166666666667,0.0,0.005208333333333333,0.035104166666666665,0.9545833333333333
5,True 1,0.7727910238429172,0.0182328190743338,0.1093969144460028,0.03506311360448808,0.06451612903225806
,True 2,0.45321637426900585,0.02631578947368421,0.30409356725146197,0.1286549707602339,0.08771929824561403
,True 3,0.1676168757126568,0.014823261117445839,0.2759407069555302,0.26795895096921324,0.27366020524515394
,True 4,0.026343894624421504,0.001423994304022784,0.04805980776076896,0.20185119259522963,0.7223211107155572
,True 5,0.0036458333333333334,0.00020833333333333335,0.00375,0.0334375,0.9589583333333334
6,True 1,0.7812061711079944,0.014025245441795231,0.08835904628330996,0.028050490883590462,0.08835904628330996
,True 2,0.4444444444444444,0.03508771929824561,0.30116959064327486,0.12573099415204678,0.0935672514619883
,True 3,0.15621436716077536,0.014823261117445839,0.27137970353477764,0.2690992018244014,0.28848346636259975
,True 4,0.02135991456034176,0.001067995728017088,0.046279814880740476,0.19900320398718405,0.7322890708437166
,True 5,0.004375,0.00010416666666666667,0.0053125,0.030833333333333334,0.959375
7,True 1,0.761570827489481,0.014025245441795231,0.11079943899018233,0.019635343618513323,0.09396914446002805
,True 2,0.5087719298245614,0.023391812865497075,0.260233918128655,0.1023391812865497,0.10526315789473684
,True 3,0.13340935005701254,0.012542759407069556,0.24287343215507412,0.3010262257696693,0.31014823261117447
,True 4,0.02741189035243859,0.002491990032039872,0.046279814880740476,0.20647917408330366,0.7173371306514774
,True 5,0.0060416666666666665,0.0004166666666666667,0.0067708333333333336,0.03364583333333333,0.953125
8,True 1,0.7699859747545582,0.016830294530154277,0.10518934081346423,0.037868162692847124,0.07012622720897616
,True 2,0.43567251461988304,0.043859649122807015,0.2719298245614035,0.1111111111111111,0.13742690058479531
,True 3,0.15507411630558723,0.013683010262257697,0.2531356898517674,0.2542759407069555,0.3238312428734322
,True 4,0.017806267806267807,0.002492877492877493,0.04665242165242165,0.1834045584045584,0.7496438746438746
,True 5,0.004166232684095407,0.00010415581710238516,0.004687011769607332,0.02999687532548693,0.961045724403708
9,True 1,0.7699859747545582,0.014025245441795231,0.10378681626928471,0.04207573632538569,0.07012622720897616
,True 2,0.49415204678362573,0.017543859649122806,0.2807017543859649,0.1111111111111111,0.09649122807017543
,True 3,0.15393386545039908,0.01710376282782212,0.24971493728620298,0.25655644241733183,0.322690992018244
,True 4,0.021723646723646725,0.0010683760683760685,0.045584045584045586,0.20405982905982906,0.7275641025641025
,True 5,0.005207790855119259,0.0,0.005936881574835955,0.031455056764920324,0.9574002708051245
10,True 1,0.8036465638148668,0.008415147265077139,0.09256661991584852,0.028050490883590462,0.06732117812061711
,True 2,0.4604105571847507,0.03812316715542522,0.28152492668621704,0.093841642228739,0.12609970674486803
,True 3,0.1469248291571754,0.007972665148063782,0.24145785876993167,0.28815489749430523,0.31548974943052394
,True 4,0.021367521367521368,0.0010683760683760685,0.046296296296296294,0.18874643874643873,0.7425213675213675
,True 5,0.004374544318300177,0.0,0.004791167586709718,0.031350900947817936,0.9594833871471722
,,Predicted 1,Predicted 2,Predicted 3,Predicted 4,Predicted 5
AVG,True 1,555.5454545454545,10.181818181818182,67.0909090909091,24.636363636363637,55.36363636363637
,True 2,159.1818181818182,9.636363636363637,93.81818181818181,38.81818181818182,40.45454545454545
,True 3,137.27272727272728,12.181818181818182,224.1818181818182,238.27272727272728,265.6363636363636
,True 4,62.81818181818182,4.181818181818182,137.9090909090909,548.8181818181819,2055.0
,True 5,44.54545454545455,1.4545454545454546,49.36363636363637,306.1818181818182,9198.727272727272
0,True 1,558.0,8.0,61.0,26.0,60.0
,True 2,160.0,13.0,81.0,38.0,50.0
,True 3,144.0,8.0,228.0,228.0,270.0
,True 4,59.0,8.0,150.0,540.0,2052.0
,True 5,46.0,3.0,49.0,293.0,9209.0
1,True 1,546.0,9.0,57.0,25.0,76.0
,True 2,161.0,6.0,89.0,37.0,49.0
,True 3,147.0,7.0,225.0,239.0,260.0
,True 4,60.0,1.0,127.0,544.0,2077.0
,True 5,41.0,2.0,49.0,309.0,9199.0
2,True 1,569.0,9.0,63.0,26.0,46.0
,True 2,157.0,11.0,85.0,42.0,47.0
,True 3,137.0,12.0,231.0,232.0,266.0
,True 4,66.0,2.0,154.0,537.0,2050.0
,True 5,35.0,3.0,47.0,301.0,9214.0
3,True 1,569.0,16.0,55.0,29.0,43.0
,True 2,157.0,5.0,93.0,42.0,45.0
,True 3,132.0,16.0,222.0,235.0,273.0
,True 4,64.0,1.0,143.0,543.0,2058.0
,True 5,52.0,0.0,48.0,297.0,9203.0
4,True 1,547.0,9.0,67.0,29.0,60.0
,True 2,160.0,8.0,103.0,38.0,33.0
,True 3,149.0,20.0,214.0,251.0,244.0
,True 4,60.0,7.0,159.0,549.0,2034.0
,True 5,49.0,0.0,50.0,337.0,9164.0
5,True 1,551.0,13.0,78.0,25.0,46.0
,True 2,155.0,9.0,104.0,44.0,30.0
,True 3,147.0,13.0,242.0,235.0,240.0
,True 4,74.0,4.0,135.0,567.0,2029.0
,True 5,35.0,2.0,36.0,321.0,9206.0
6,True 1,557.0,10.0,63.0,20.0,63.0
,True 2,152.0,12.0,103.0,43.0,32.0
,True 3,137.0,13.0,238.0,236.0,253.0
,True 4,60.0,3.0,130.0,559.0,2057.0
,True 5,42.0,1.0,51.0,296.0,9210.0
7,True 1,543.0,10.0,79.0,14.0,67.0
,True 2,174.0,8.0,89.0,35.0,36.0
,True 3,117.0,11.0,213.0,264.0,272.0
,True 4,77.0,7.0,130.0,580.0,2015.0
,True 5,58.0,4.0,65.0,323.0,9150.0
8,True 1,549.0,12.0,75.0,27.0,50.0
,True 2,149.0,15.0,93.0,38.0,47.0
,True 3,136.0,12.0,222.0,223.0,284.0
,True 4,50.0,7.0,131.0,515.0,2105.0
,True 5,40.0,1.0,45.0,288.0,9227.0
9,True 1,549.0,10.0,74.0,30.0,50.0
,True 2,169.0,6.0,96.0,38.0,33.0
,True 3,135.0,15.0,219.0,225.0,283.0
,True 4,61.0,3.0,128.0,573.0,2043.0
,True 5,50.0,0.0,57.0,302.0,9192.0
10,True 1,573.0,6.0,66.0,20.0,48.0
,True 2,157.0,13.0,96.0,32.0,43.0
,True 3,129.0,7.0,212.0,253.0,277.0
,True 4,60.0,3.0,130.0,530.0,2085.0
,True 5,42.0,0.0,46.0,301.0,9212.0
