,Rounded RMSE,Rounded MSE,Rounded MAE,Accuracy,Log Loss
0,1.2442423836266527,1.5481391092129346,0.798483395798832,0.46169266974636103,19.402562828483173
1,1.219928082778121,1.4882245271507017,0.7860890787065283,0.4638019698422383,19.326535946933742
2,1.2054887691995557,1.45320317266626,0.775124204654406,0.4676719253900462,19.187048610537264
3,1.2449917100358738,1.5500043580580494,0.7976640808855574,0.46399372439640896,19.319624412247435
4,1.2037594731386738,1.4490368691710973,0.774235160812342,0.46737557744269154,19.197730073234293
5,1.2238015481416313,1.4976902292338534,0.7861762398675151,0.4650919550248409,19.28004016813492
6,1.2347703804526278,1.5246578924431273,0.7918765797960429,0.4655103285975769,19.264960456092055
7,1.1982729662434657,1.4358581016299137,0.7681687440076702,0.47215200906476074,19.025570027411614
8,1.2144247271415198,1.474827417892755,0.7794784185203263,0.4663552053552751,19.23450801108106
9,1.227680592582309,1.5071996374032495,0.7865385956348929,0.4654835785510076,19.265924625498744
10,1.2187807021087296,1.4854263998326476,0.779408688375985,0.4705738790879297,19.08245159729948
AVG,1.221467394131742,1.4922061558813262,0.7839311988236453,0.4663366202271943,19.2351778869958
,,,,,
,,Predicted 1,Predicted 2,Predicted 3,Predicted 4,Predicted 5
AVG,True 1,0.5694099942697788,0.2788872494325122,0.10971200282571063,0.02713297570396012,0.014857777768038333
,True 2,0.3304994852852243,0.3532296261813453,0.22746435984221378,0.06640520633898371,0.022401322352232914
,True 3,0.15707985801976118,0.2550307462298348,0.31522109334698345,0.1890651211927202,0.08360318121070044
,True 4,0.04869523000364122,0.08942023708378849,0.21369907351215767,0.3578427802726868,0.2903426791277259
,True 5,0.03302257772199351,0.03572848944067508,0.10723517054480115,0.3157468655995977,0.5082668966929326
0,True 1,0.5743338008415148,0.270687237026648,0.1093969144460028,0.029803646563814866,0.015778401122019635
,True 2,0.33430870519385514,0.3335771762984638,0.24433065106071689,0.06730065837600585,0.020482809070958303
,True 3,0.1544159544159544,0.2715099715099715,0.30968660968660966,0.17863247863247864,0.08575498575498576
,True 4,0.04868713840676458,0.08820649755229194,0.21744548286604362,0.35816644414775256,0.28749443702714733
,True 5,0.03778547433660582,0.03721257258925549,0.10471081482253067,0.31822087966459206,0.5020702585870159
1,True 1,0.5664679059978954,0.2770957558751315,0.10978603998596984,0.03156787092248334,0.015082427218519818
,True 2,0.3304093567251462,0.35233918128654973,0.2222222222222222,0.06725146198830409,0.027777777777777776
,True 3,0.17663817663817663,0.25071225071225073,0.29601139601139603,0.19316239316239317,0.08347578347578348
,True 4,0.0477080551846907,0.08767245215843347,0.21806853582554517,0.3589675122385403,0.2875834445927904
,True 5,0.03255123564490508,0.032837686518580246,0.11205437358402125,0.3163980104684774,0.506158693784016
2,True 1,0.5447211504735181,0.2981410031567871,0.11715187653454928,0.024202034373903895,0.01578393546124167
,True 2,0.3172514619883041,0.3676900584795322,0.23172514619883042,0.06505847953216375,0.01827485380116959
,True 3,0.15014245014245015,0.23846153846153847,0.3207977207977208,0.19686609686609688,0.09373219373219373
,True 4,0.04833110814419225,0.08900756564307966,0.2184245660881175,0.3576323987538941,0.2866043613707165
,True 5,0.02807218562016614,0.03945209760162496,0.10353897033931408,0.3178042238483373,0.5111325225905575
3,True 1,0.5706769554542266,0.2714836899333567,0.11294282707821816,0.02981410031567871,0.015082427218519818
,True 2,0.3223684210526316,0.36257309941520466,0.22149122807017543,0.06798245614035088,0.025584795321637425
,True 3,0.1547008547008547,0.25242165242165243,0.33105413105413106,0.18347578347578347,0.07834757834757834
,True 4,0.052514463729417,0.082688028482421,0.21174899866488653,0.3605696484201157,0.29247886070315976
,True 5,0.03791567927918544,0.03546782635868857,0.10955443868649253,0.3149657561001016,0.5020962995755319
4,True 1,0.5696246930901439,0.2753419852683269,0.11153981059277447,0.029463346194317782,0.01403016485443704
,True 2,0.3333333333333333,0.34868421052631576,0.23757309941520469,0.05555555555555555,0.024853801169590642
,True 3,0.1621082621082621,0.2552706552706553,0.3017094017094017,0.19886039886039886,0.08205128205128205
,True 4,0.04966622162883845,0.08687138406764575,0.21797952825990208,0.35772140631953714,0.2877614597240766
,True 5,0.030077341735892296,0.0321345798286503,0.11010129944532694,0.31645009244550926,0.5112366865446213
5,True 1,0.5657663977551737,0.2865661171518765,0.11189056471413539,0.023149772009821115,0.012627148368993335
,True 2,0.3267543859649123,0.35599415204678364,0.23903508771929824,0.06286549707602339,0.015350877192982455
,True 3,0.1606837606837607,0.2492877492877493,0.315954415954416,0.18888888888888888,0.08518518518518518
,True 4,0.05020026702269693,0.08936359590565197,0.21041388518024032,0.3605696484201157,0.28945260347129503
,True 5,0.03322830134631911,0.036639670841905156,0.10650764303012943,0.317908387802401,0.5057159969792453
6,True 1,0.5699754472115047,0.28796913363732024,0.10171869519466854,0.024552788495264818,0.01578393546124167
,True 2,0.30994152046783624,0.3654970760233918,0.23391812865497075,0.07017543859649122,0.02046783625730994
,True 3,0.1660968660968661,0.26324786324786326,0.3088319088319088,0.1794871794871795,0.08233618233618234
,True 4,0.05180240320427236,0.08589230084557187,0.20934579439252338,0.35736537605696483,0.29559412550066755
,True 5,0.035545949324236346,0.03497304757688602,0.11109085700893206,0.3111116897997448,0.5072784562902007
7,True 1,0.5605050859347598,0.29323044545773413,0.10417397404419503,0.027709575587513153,0.014380918975797966
,True 2,0.3391812865497076,0.3333333333333333,0.2324561403508772,0.07602339181286549,0.019005847953216373
,True 3,0.15185185185185185,0.25584045584045584,0.3188034188034188,0.19544159544159545,0.07806267806267807
,True 4,0.04254561637739208,0.09879839786381843,0.21157098353360035,0.36074766355140186,0.28633733867378725
,True 5,0.02799406265461837,0.03734277753183511,0.10640347907606573,0.3111116897997448,0.517147990937736
8,True 1,0.5826025955804981,0.26096106629252896,0.11574886004910558,0.02525429673798667,0.015433181339880744
,True 2,0.3401609363569861,0.34308705193855155,0.2282370153621068,0.06656912948061448,0.021945866861741038
,True 3,0.14668185702079178,0.26288806607804044,0.31358587297066365,0.1956707490743378,0.08117345485616634
,True 4,0.04753004005340454,0.09132176234979973,0.21744548286604362,0.3587894971072541,0.28491321762349797
,True 5,0.03229166666666667,0.03526041666666667,0.104765625,0.32013020833333333,0.5075520833333333
9,True 1,0.5778401122019635,0.2776998597475456,0.10378681626928471,0.025596072931276297,0.015077138849929873
,True 2,0.33284564740307243,0.37088514996342353,0.2011704462326262,0.07095830285296269,0.024140453547915143
,True 3,0.15185185185185185,0.2438746438746439,0.3336182336182336,0.18433048433048432,0.08632478632478632
,True 4,0.05028927458834001,0.09025367156208278,0.2039163328882955,0.3611927013796173,0.29434801958166446
,True 5,0.03575520833333334,0.03369791666666667,0.10510416666666667,0.3223697916666667,0.5030729166666666
10,True 1,0.5809957924263675,0.26858345021037866,0.10869565217391304,0.0273492286115007,0.014375876577840112
,True 2,0.34893928310168254,0.351865398683248,0.2099487929773226,0.06071689831748354,0.02852962692026335
,True 3,0.1527065527065527,0.2618233618233618,0.3173789173789174,0.1849002849002849,0.08319088319088319
,True 4,0.0463729417000445,0.09354695149087673,0.21433021806853583,0.3445482866043614,0.3012016021361816
,True 5,0.03203125,0.037994791666666666,0.10575520833333334,0.3067447916666667,0.5174739583333333
,,Predicted 1,Predicted 2,Predicted 3,Predicted 4,Predicted 5
AVG,True 1,1623.5454545454545,795.1818181818181,312.8181818181818,77.36363636363636,42.36363636363637
,True 2,452.0,483.09090909090907,311.09090909090907,90.81818181818181,30.636363636363637
,True 3,551.3636363636364,895.1818181818181,1106.4545454545455,663.6363636363636,293.45454545454544
,True 4,547.0909090909091,1004.6363636363636,2400.909090909091,4020.3636363636365,3262.0
,True 5,1268.090909090909,1372.0,4117.909090909091,12124.90909090909,19517.81818181818
0,True 1,1638.0,772.0,312.0,85.0,45.0
,True 2,457.0,456.0,334.0,92.0,28.0
,True 3,542.0,953.0,1087.0,627.0,301.0
,True 4,547.0,991.0,2443.0,4024.0,3230.0
,True 5,1451.0,1429.0,4021.0,12220.0,19280.0
1,True 1,1615.0,790.0,313.0,90.0,43.0
,True 2,452.0,482.0,304.0,92.0,38.0
,True 3,620.0,880.0,1039.0,678.0,293.0
,True 4,536.0,985.0,2450.0,4033.0,3231.0
,True 5,1250.0,1261.0,4303.0,12150.0,19437.0
2,True 1,1553.0,850.0,334.0,69.0,45.0
,True 2,434.0,503.0,317.0,89.0,25.0
,True 3,527.0,837.0,1126.0,691.0,329.0
,True 4,543.0,1000.0,2454.0,4018.0,3220.0
,True 5,1078.0,1515.0,3976.0,12204.0,19628.0
3,True 1,1627.0,774.0,322.0,85.0,43.0
,True 2,441.0,496.0,303.0,93.0,35.0
,True 3,543.0,886.0,1162.0,644.0,275.0
,True 4,590.0,929.0,2379.0,4051.0,3286.0
,True 5,1456.0,1362.0,4207.0,12095.0,19281.0
4,True 1,1624.0,785.0,318.0,84.0,40.0
,True 2,456.0,477.0,325.0,76.0,34.0
,True 3,569.0,896.0,1059.0,698.0,288.0
,True 4,558.0,976.0,2449.0,4019.0,3233.0
,True 5,1155.0,1234.0,4228.0,12152.0,19632.0
5,True 1,1613.0,817.0,319.0,66.0,36.0
,True 2,447.0,487.0,327.0,86.0,21.0
,True 3,564.0,875.0,1109.0,663.0,299.0
,True 4,564.0,1004.0,2364.0,4051.0,3252.0
,True 5,1276.0,1407.0,4090.0,12208.0,19420.0
6,True 1,1625.0,821.0,290.0,70.0,45.0
,True 2,424.0,500.0,320.0,96.0,28.0
,True 3,583.0,924.0,1084.0,630.0,289.0
,True 4,582.0,965.0,2352.0,4015.0,3321.0
,True 5,1365.0,1343.0,4266.0,11947.0,19480.0
7,True 1,1598.0,836.0,297.0,79.0,41.0
,True 2,464.0,456.0,318.0,104.0,26.0
,True 3,533.0,898.0,1119.0,686.0,274.0
,True 4,478.0,1110.0,2377.0,4053.0,3217.0
,True 5,1075.0,1434.0,4086.0,11947.0,19859.0
8,True 1,1661.0,744.0,330.0,72.0,44.0
,True 2,465.0,469.0,312.0,91.0,30.0
,True 3,515.0,923.0,1101.0,687.0,285.0
,True 4,534.0,1026.0,2443.0,4031.0,3201.0
,True 5,1240.0,1354.0,4023.0,12293.0,19490.0
9,True 1,1648.0,792.0,296.0,73.0,43.0
,True 2,455.0,507.0,275.0,97.0,33.0
,True 3,533.0,856.0,1171.0,647.0,303.0
,True 4,565.0,1014.0,2291.0,4058.0,3307.0
,True 5,1373.0,1294.0,4036.0,12379.0,19318.0
10,True 1,1657.0,766.0,310.0,78.0,41.0
,True 2,477.0,481.0,287.0,83.0,39.0
,True 3,536.0,919.0,1114.0,649.0,292.0
,True 4,521.0,1051.0,2408.0,3871.0,3384.0
,True 5,1230.0,1459.0,4061.0,11779.0,19871.0
