,RMSE,MSE,MAE,Rounded RMSE,Rounded MSE,Rounded MAE,Accuracy
0,0.8475321157007476,0.7183106871441853,0.6740540908684469,0.9011841285826907,0.8121328336093436,0.6351956768064151,0.44579447398239347
1,0.8485405465263699,0.7200210590992705,0.6745529831520798,0.9016192567033069,0.8129172840582236,0.6353177024317964,0.4464743310380894
2,0.8465316351597503,0.7166158093262405,0.6728880675286015,0.9031936325652373,0.8157587379063889,0.6377407827072257,0.4438943606728842
3,0.8511264985231938,0.7244163164883523,0.6740506371219063,0.9030199099282568,0.8154449577268369,0.6329643510851565,0.45016996426392397
4,0.8521591379847585,0.7261751964509268,0.6745399877414722,0.9061225835914135,0.8210581364943781,0.6346378453761005,0.450483744443476
5,0.8465167722580367,0.7165906457141646,0.6738448407171411,0.8986077341336726,0.8074958598448532,0.6343240651965484,0.4450100235335135
6,0.8460720919419534,0.7158379847630333,0.6704251273200182,0.897559568367215,0.8056131787675412,0.6283273773206659,0.4524535866817746
7,0.8465102627096662,0.7165796248727881,0.6703953575778318,0.9043220162494535,0.8177983090734768,0.6363985008280311,0.4460908219297481
8,0.8489597754817741,0.7207327003860644,0.6742593791102293,0.9041563911859906,0.817498779722474,0.6360958092183251,0.44669130465100065
9,0.8475024868818041,0.7182604652708425,0.6739493861548215,0.9024677755507605,0.8144480859075378,0.6371591939195315,0.4437277735164912
10,0.848301490728629,0.7196154191724142,0.6725814293538266,0.9032883545550626,0.8159298514747926,0.6353636427027404,0.44648211421797646
AVG,0.8481593467178804,0.719377809880753,0.6732310260587614,0.9023219410375508,0.8141905467805315,0.6348659043265942,0.44702477263011564
,,,,,,,
,,Predicted 1,Predicted 2,Predicted 3,Predicted 4,Predicted 5
AVG,True 1,0.3994389096828486,0.49062602566958463,0.09354690232859503,0.013423031071054968,0.0029651312479167967
,True 2,0.12310666826895215,0.5990447733796596,0.24188726288021714,0.03343521652438605,0.0025260789467850646
,True 3,0.020641752626942032,0.3041360224214112,0.44096248804309185,0.2114423599755414,0.022817376933013504
,True 4,0.0014241210502892747,0.04508637779665817,0.22675081927418378,0.5475259942549663,0.1792126876239026
,True 5,0.00033853531670971314,0.008430240642900716,0.07548862444051331,0.4994484138867911,0.41629418571308513
0,True 1,0.39481065918653574,0.49789621318373073,0.09186535764375876,0.010869565217391304,0.00455820476858345
,True 2,0.14191660570592537,0.5822970007315289,0.23482077542062912,0.03730797366495977,0.0036576444769568397
,True 3,0.021367521367521368,0.3170940170940171,0.439031339031339,0.2,0.022507122507122508
,True 4,0.0011570983533600355,0.043702714730752115,0.22777036048064087,0.5485536270582999,0.17881619937694704
,True 5,0.00039061482773886097,0.007708132600713523,0.07588344053540272,0.5007421681727038,0.41527564386344107
1,True 1,0.4072255349000351,0.4893019992984918,0.08523325149070501,0.014380918975797966,0.003858295334970186
,True 2,0.11695906432748537,0.5789473684210527,0.2646198830409357,0.038011695906432746,0.0014619883040935672
,True 3,0.025356125356125355,0.29772079772079774,0.4427350427350427,0.20968660968660968,0.0245014245014245
,True 4,0.0013351134846461949,0.046461949265687585,0.22429906542056074,0.5466844681797953,0.1812194036493102
,True 5,0.0002864508736751647,0.00723939480742689,0.07713340798416708,0.49964844665503505,0.41569229967969584
2,True 1,0.39354612416695894,0.49070501578393544,0.10277095755875132,0.011224131883549631,0.00175377060680463
,True 2,0.1286549707602339,0.5884502923976608,0.25219298245614036,0.02850877192982456,0.0021929824561403508
,True 3,0.020512820512820513,0.2928774928774929,0.45071225071225074,0.20683760683760682,0.02905982905982906
,True 4,0.0014241210502892747,0.04503782821539831,0.22785936804628393,0.547485536270583,0.1781931464174455
,True 5,0.00018228691961146845,0.008749772141350486,0.07450326814405875,0.5050128902893154,0.41155178250566393
3,True 1,0.41283760084180987,0.4805331462644686,0.08733777621887057,0.014731673097158891,0.004559803577692038
,True 2,0.11695906432748537,0.577485380116959,0.27266081871345027,0.03070175438596491,0.0021929824561403508
,True 3,0.019088319088319088,0.3125356125356125,0.44216524216524217,0.20313390313390314,0.023076923076923078
,True 4,0.0016911437472185136,0.04236760124610592,0.22269692923898532,0.5522919448153093,0.18095238095238095
,True 5,0.00018228691961146845,0.008879977083930107,0.0777063097315174,0.4939715111585636,0.41925991510637745
4,True 1,0.3879340582251841,0.49421255699754474,0.09821115398105927,0.01578393546124167,0.003858295334970186
,True 2,0.11695906432748537,0.5899122807017544,0.2565789473684211,0.03216374269005848,0.0043859649122807015
,True 3,0.019943019943019943,0.3022792022792023,0.4444444444444444,0.2170940170940171,0.01623931623931624
,True 4,0.0016911437472185136,0.05020026702269693,0.22874944370271474,0.5472185135736538,0.17214063195371607
,True 5,0.0002864508736751647,0.008541444233223092,0.07827921147886774,0.49048201869742974,0.4224108747168043
5,True 1,0.38512802525429674,0.5047351806383725,0.09470361276745001,0.013679410733076113,0.00175377060680463
,True 2,0.13742690058479531,0.581140350877193,0.25219298245614036,0.029239766081871343,0.0
,True 3,0.019373219373219373,0.3017094017094017,0.42934472934472934,0.2222222222222222,0.02735042735042735
,True 4,0.0008900756564307966,0.04539385847797063,0.2241210502892746,0.5506898086337338,0.17890520694259013
,True 5,0.00046873779328663315,0.007760214577745371,0.07301893179865107,0.5036327178979714,0.41511939793234554
6,True 1,0.40126271483689935,0.4914065240266573,0.09084531743247984,0.014731673097158891,0.00175377060680463
,True 2,0.1154970760233918,0.6271929824561403,0.2134502923976608,0.04239766081871345,0.0014619883040935672
,True 3,0.021082621082621083,0.31168091168091167,0.42934472934472934,0.21652421652421652,0.021367521367521368
,True 4,0.0015131286159323543,0.04530485091232755,0.2210057854917668,0.5527369826435247,0.17943925233644858
,True 5,0.00039061482773886097,0.00859352621025494,0.07335746464935809,0.494856904768105,0.4228014895445431
7,True 1,0.40301648544370394,0.48263767099263416,0.10031567870922484,0.011574886004910558,0.002455278849526482
,True 2,0.11257309941520467,0.6206140350877193,0.22953216374269006,0.033625730994152045,0.003654970760233918
,True 3,0.020227920227920228,0.28547008547008546,0.4515669515669516,0.21737891737891737,0.025356125356125355
,True 4,0.0012461059190031153,0.04361370716510903,0.23836226079216732,0.5442812639074321,0.17249666221628837
,True 5,0.0004947787818025572,0.008879977083930107,0.07515429285695685,0.5016275617822452,0.4138433894950652
8,True 1,0.40652402665731324,0.4861452122062434,0.09400210452472817,0.011224131883549631,0.002104524728165556
,True 2,0.1250914411119239,0.6174103877103145,0.22311631309436722,0.03145574250182882,0.002926115581565472
,True 3,0.02193107376815722,0.30817430931358586,0.4383366562232982,0.21048134434634008,0.021076616348618626
,True 4,0.0019581664441477528,0.044058744993324434,0.2315086782376502,0.5323542501112595,0.19012016021361816
,True 5,0.0003125,0.00890625,0.07651041666666666,0.49497395833333335,0.419296875
9,True 1,0.4063814866760168,0.4849228611500701,0.09151472650771389,0.014025245441795231,0.003155680224403927
,True 2,0.12362838332114119,0.5940014630577908,0.24871982443306512,0.03145574250182882,0.0021945866861741038
,True 3,0.017663817663817662,0.3022792022792023,0.44387464387464387,0.21310541310541312,0.023076923076923078
,True 4,0.0013351134846461949,0.042723631508678236,0.22251891410769917,0.554250111259457,0.17917222963951937
,True 5,0.000390625,0.008203125,0.075390625,0.5072135416666667,0.40880208333333334
10,True 1,0.3951612903225806,0.4943899018232819,0.09221598877980365,0.015427769985974754,0.002805049088359046
,True 2,0.1185076810534016,0.6320409656181419,0.21287490855888808,0.03291880029261156,0.0036576444769568397
,True 3,0.020512820512820513,0.31367521367521367,0.439031339031339,0.2094017094017094,0.017378917378917377
,True 4,0.0014241210502892747,0.04708500222518914,0.2253671562082777,0.5462394303515798,0.179884290164664
,True 5,0.0003385416666666667,0.009270833333333334,0.0734375,0.5017708333333334,0.41518229166666665
,,Predicted 1,Predicted 2,Predicted 3,Predicted 4,Predicted 5
AVG,True 1,1138.909090909091,1398.909090909091,266.72727272727275,38.27272727272727,8.454545454545455
,True 2,168.36363636363637,819.2727272727273,330.8181818181818,45.72727272727273,3.4545454545454546
,True 3,72.45454545454545,1067.5454545454545,1547.8181818181818,742.1818181818181,80.0909090909091
,True 4,16.0,506.54545454545456,2547.5454545454545,6151.454545454545,2013.4545454545455
,True 5,13.0,323.72727272727275,2898.818181818182,19179.18181818182,15986.0
0,True 1,1126.0,1420.0,262.0,31.0,13.0
,True 2,194.0,796.0,321.0,51.0,5.0
,True 3,75.0,1113.0,1541.0,702.0,79.0
,True 4,13.0,491.0,2559.0,6163.0,2009.0
,True 5,15.0,296.0,2914.0,19229.0,15947.0
1,True 1,1161.0,1395.0,243.0,41.0,11.0
,True 2,160.0,792.0,362.0,52.0,2.0
,True 3,89.0,1045.0,1554.0,736.0,86.0
,True 4,15.0,522.0,2520.0,6142.0,2036.0
,True 5,11.0,278.0,2962.0,19187.0,15963.0
2,True 1,1122.0,1399.0,293.0,32.0,5.0
,True 2,176.0,805.0,345.0,39.0,3.0
,True 3,72.0,1028.0,1582.0,726.0,102.0
,True 4,16.0,506.0,2560.0,6151.0,2002.0
,True 5,7.0,336.0,2861.0,19393.0,15804.0
3,True 1,1177.0,1370.0,249.0,42.0,13.0
,True 2,160.0,790.0,373.0,42.0,3.0
,True 3,67.0,1097.0,1552.0,713.0,81.0
,True 4,19.0,476.0,2502.0,6205.0,2033.0
,True 5,7.0,341.0,2984.0,18969.0,16100.0
4,True 1,1106.0,1409.0,280.0,45.0,11.0
,True 2,160.0,807.0,351.0,44.0,6.0
,True 3,70.0,1061.0,1560.0,762.0,57.0
,True 4,19.0,564.0,2570.0,6148.0,1934.0
,True 5,11.0,328.0,3006.0,18835.0,16221.0
5,True 1,1098.0,1439.0,270.0,39.0,5.0
,True 2,188.0,795.0,345.0,40.0,0.0
,True 3,68.0,1059.0,1507.0,780.0,96.0
,True 4,10.0,510.0,2518.0,6187.0,2010.0
,True 5,18.0,298.0,2804.0,19340.0,15941.0
6,True 1,1144.0,1401.0,259.0,42.0,5.0
,True 2,158.0,858.0,292.0,58.0,2.0
,True 3,74.0,1094.0,1507.0,760.0,75.0
,True 4,17.0,509.0,2483.0,6210.0,2016.0
,True 5,15.0,330.0,2817.0,19003.0,16236.0
7,True 1,1149.0,1376.0,286.0,33.0,7.0
,True 2,154.0,849.0,314.0,46.0,5.0
,True 3,71.0,1002.0,1585.0,763.0,89.0
,True 4,14.0,490.0,2678.0,6115.0,1938.0
,True 5,19.0,341.0,2886.0,19263.0,15892.0
8,True 1,1159.0,1386.0,268.0,32.0,6.0
,True 2,171.0,844.0,305.0,43.0,4.0
,True 3,77.0,1082.0,1539.0,739.0,74.0
,True 4,22.0,495.0,2601.0,5981.0,2136.0
,True 5,12.0,342.0,2938.0,19007.0,16101.0
9,True 1,1159.0,1383.0,261.0,40.0,9.0
,True 2,169.0,812.0,340.0,43.0,3.0
,True 3,62.0,1061.0,1558.0,748.0,81.0
,True 4,15.0,480.0,2500.0,6227.0,2013.0
,True 5,15.0,315.0,2895.0,19477.0,15698.0
10,True 1,1127.0,1410.0,263.0,44.0,8.0
,True 2,162.0,864.0,291.0,45.0,5.0
,True 3,72.0,1101.0,1541.0,735.0,61.0
,True 4,16.0,529.0,2532.0,6137.0,2021.0
,True 5,13.0,356.0,2820.0,19268.0,15943.0
