,Rounded RMSE,Rounded MSE,Rounded MAE,Accuracy,Log Loss
0,0.8739327143789417,0.763758389261745,0.47316307853220607,0.6328074609953804,0.95632850818714
1,0.8726851438159575,0.7615793602370784,0.4751329207705047,0.6297568203608472,0.9597085166615666
2,0.8738329742804237,0.7635840669397717,0.47379063889131,0.6315697725093699,0.958110646844831
3,0.8782505212269375,0.7713239780353874,0.4734419942473634,0.6346378453761005,0.9587968954582331
4,0.8786374878703295,0.7720038350910834,0.47290159504924606,0.634568116447311,0.9557875282057122
5,0.8683497012699626,0.7540312036956333,0.46870042708968884,0.6350039222522444,0.9536883564367017
6,0.8690219578657691,0.7551991632528545,0.46882245271507017,0.6352654057352044,0.955976316660137
7,0.87031484027696,0.7574479212063104,0.4696417676283448,0.6355268892181644,0.9560840427861911
8,0.8720333073427439,0.7604420891151245,0.4676800780977617,0.6381528484763963,0.9507249275363773
9,0.8688389437081523,0.7548811101038979,0.47073077191269785,0.6323303814238895,0.9541695600371585
10,0.8812206037411902,0.7765497524579876,0.47555958440833973,0.6333066034446692,0.9578366030468238
AVG,0.8733743814343061,0.7628000790360794,0.4717786644856848,0.6339023696581434,0.9561101728964428
,,,,,
,,Predicted 1,Predicted 2,Predicted 3,Predicted 4,Predicted 5
AVG,True 1,0.7361626649406386,0.16062993615541551,0.07135575613541319,0.010170930358871599,0.021680712409661133
,True 2,0.4016910334624884,0.3250473879829365,0.21755794770560105,0.03137460735254598,0.024329023496428105
,True 3,0.14213565372779272,0.20224777701280122,0.3887756177702062,0.180052273643843,0.08678867784535686
,True 4,0.030853258890642065,0.03563539264473844,0.18322611967471777,0.40220091435044697,0.3480843144394546
,True 5,0.012717563211540418,0.005868734898199463,0.04408770193109713,0.20982082511414635,0.7275051748450166
0,True 1,0.7328190743338009,0.1658485273492286,0.06872370266479663,0.009467040673211781,0.02314165497896213
,True 2,0.39575713240673005,0.33430870519385514,0.20263350402340893,0.03511338697878566,0.03218727139722019
,True 3,0.14558404558404558,0.2153846153846154,0.38575498575498574,0.1621082621082621,0.09116809116809117
,True 4,0.02883845126835781,0.035068980863373386,0.18789497107254116,0.39857587894971075,0.3496217178460169
,True 5,0.012577797453191323,0.00557277154240775,0.04544152496028749,0.20929142470248172,0.7271164813416318
1,True 1,0.7323746054016135,0.16941424061732727,0.06629252893721502,0.009119607155384075,0.02279901788846019
,True 2,0.3830409356725146,0.3084795321637427,0.25511695906432746,0.03216374269005848,0.021198830409356724
,True 3,0.14415954415954416,0.196011396011396,0.392022792022792,0.17578347578347578,0.09202279202279202
,True 4,0.0315086782376502,0.037561192701379614,0.18460169114374722,0.3928793947485536,0.3534490431686693
,True 5,0.012161141636936539,0.005051951772089268,0.04507695112106456,0.21309340902580662,0.724616546444103
2,True 1,0.7316730971588916,0.156436338126973,0.08137495615573483,0.011574886004910558,0.018940722553490004
,True 2,0.38084795321637427,0.3347953216374269,0.23391812865497075,0.03216374269005848,0.01827485380116959
,True 3,0.1336182336182336,0.19658119658119658,0.39914529914529917,0.18205128205128204,0.0886039886039886
,True 4,0.030529595015576325,0.035425011125945705,0.18219848687138407,0.3991099243435692,0.3527369826435247
,True 5,0.01281216634983464,0.005963386370146611,0.044061352568943515,0.21319757297987033,0.7239655217312049
3,True 1,0.7428972290424413,0.1616976499473869,0.06524026657313224,0.009470361276745002,0.020694493160294633
,True 2,0.391812865497076,0.3201754385964912,0.23026315789473684,0.029970760233918127,0.027777777777777776
,True 3,0.14444444444444443,0.2056980056980057,0.39173789173789175,0.16923076923076924,0.08888888888888889
,True 4,0.02901646639964397,0.03453493546951491,0.1780151312861593,0.4110369381397419,0.3473965287049399
,True 5,0.013359027108669045,0.006171714278274004,0.04671753339756777,0.20832790812739252,0.7254238170880967
4,True 1,0.7260610312171168,0.16310066643283058,0.07541213609259909,0.011925640126271484,0.02350052613118204
,True 2,0.3991228070175439,0.3260233918128655,0.22002923976608188,0.03070175438596491,0.02412280701754386
,True 3,0.13760683760683762,0.1997150997150997,0.39316239316239315,0.18603988603988603,0.08347578347578348
,True 4,0.03177570093457944,0.03773920783266577,0.18041833555852246,0.4024922118380062,0.3475745438362261
,True 5,0.013411109085700893,0.006354001197885472,0.04234264732689253,0.2091612197599021,0.728731022629619
5,True 1,0.7414942125569975,0.15608558400561207,0.07120308663626798,0.011925640126271484,0.01929147667485093
,True 2,0.41154970760233917,0.32383040935672514,0.22002923976608188,0.02850877192982456,0.01608187134502924
,True 3,0.13675213675213677,0.20427350427350427,0.38803418803418804,0.1829059829059829,0.08803418803418804
,True 4,0.030173564753004006,0.035246995994659545,0.18460169114374722,0.40534045393858475,0.34463729417000444
,True 5,0.012603838441707248,0.005807140439051066,0.04346240983307726,0.21017681831202312,0.7279497929741413
6,True 1,0.7327253595229744,0.16239915819010872,0.07225534900035076,0.009119607155384075,0.02350052613118204
,True 2,0.4071637426900585,0.33187134502923976,0.2010233918128655,0.029970760233918127,0.029970760233918127
,True 3,0.14358974358974358,0.19715099715099715,0.39002849002849005,0.18461538461538463,0.08461538461538462
,True 4,0.030262572318647086,0.03417890520694259,0.18166444147752558,0.40445037828215397,0.34944370271473074
,True 5,0.012213223613968387,0.005937345381630686,0.04325408192494987,0.2098122444728002,0.7287831046066509
7,True 1,0.7446509996492459,0.15187653454928096,0.07225534900035076,0.011925640126271484,0.01929147667485093
,True 2,0.3983918128654971,0.3172514619883041,0.22076023391812866,0.03654970760233918,0.027046783625730993
,True 3,0.13760683760683762,0.1891737891737892,0.39686609686609686,0.19202279202279202,0.08433048433048433
,True 4,0.03319982198486871,0.03711615487316422,0.18388963061860258,0.4065865598575879,0.3392078326657766
,True 5,0.012161141636936539,0.005520689565375902,0.04434780344261868,0.21041118720866644,0.7275591781464025
8,True 1,0.7432479831638021,0.16134689582602596,0.0687478077867415,0.0073658365485794455,0.01929147667485093
,True 2,0.4177029992684711,0.3247988295537674,0.20629114850036576,0.027798098024871983,0.023408924652523776
,True 3,0.14240956992309883,0.21332953574480204,0.3733978923383651,0.1817146112218741,0.08914839077185988
,True 4,0.03124165554072096,0.03684913217623498,0.1811303960836671,0.40516243880729863,0.34561637739207834
,True 5,0.013411458333333333,0.005520833333333333,0.0434375,0.20375,0.7338802083333333
9,True 1,0.7321178120617111,0.16374474053295932,0.07012622720897616,0.009817671809256662,0.024193548387096774
,True 2,0.39063643013899046,0.3335771762984638,0.22311631309436722,0.029261155815654718,0.023408924652523776
,True 3,0.1433048433048433,0.19743589743589743,0.3803418803418803,0.1943019943019943,0.08461538461538462
,True 4,0.029283489096573207,0.03364485981308411,0.1812194036493102,0.4026702269692924,0.3531820204717401
,True 5,0.012239583333333333,0.0060416666666666665,0.042578125,0.213359375,0.72578125
10,True 1,0.7377279102384292,0.15497896213183732,0.07328190743338009,0.010168302945301542,0.023842917251051893
,True 2,0.4425749817117776,0.32040965618141914,0.1799561082662765,0.03291880029261156,0.024140453547915143
,True 3,0.1544159544159544,0.20997150997150998,0.38603988603988604,0.1698005698005698,0.07977207977207977
,True 4,0.03355585224744103,0.03462394303515799,0.18985313751668892,0.3959056519804183,0.3460614152202937
,True 5,0.012942708333333334,0.006614583333333333,0.044244791666666665,0.20744791666666668,0.72875
,,Predicted 1,Predicted 2,Predicted 3,Predicted 4,Predicted 5
AVG,True 1,2099.0,458.0,203.45454545454547,29.0,61.81818181818182
,True 2,549.3636363636364,444.54545454545456,297.54545454545456,42.90909090909091,33.27272727272727
,True 3,498.90909090909093,709.9090909090909,1364.6363636363637,632.0,304.6363636363636
,True 4,346.6363636363636,400.3636363636364,2058.5454545454545,4518.727272727273,3910.7272727272725
,True 5,488.3636363636364,225.36363636363637,1693.0,8057.272727272727,27936.727272727272
0,True 1,2090.0,473.0,196.0,27.0,66.0
,True 2,541.0,457.0,277.0,48.0,44.0
,True 3,511.0,756.0,1354.0,569.0,320.0
,True 4,324.0,394.0,2111.0,4478.0,3928.0
,True 5,483.0,214.0,1745.0,8037.0,27922.0
1,True 1,2088.0,483.0,189.0,26.0,65.0
,True 2,524.0,422.0,349.0,44.0,29.0
,True 3,506.0,688.0,1376.0,617.0,323.0
,True 4,354.0,422.0,2074.0,4414.0,3971.0
,True 5,467.0,194.0,1731.0,8183.0,27826.0
2,True 1,2086.0,446.0,232.0,33.0,54.0
,True 2,521.0,458.0,320.0,44.0,25.0
,True 3,469.0,690.0,1401.0,639.0,311.0
,True 4,343.0,398.0,2047.0,4484.0,3963.0
,True 5,492.0,229.0,1692.0,8187.0,27801.0
3,True 1,2118.0,461.0,186.0,27.0,59.0
,True 2,536.0,438.0,315.0,41.0,38.0
,True 3,507.0,722.0,1375.0,594.0,312.0
,True 4,326.0,388.0,2000.0,4618.0,3903.0
,True 5,513.0,237.0,1794.0,8000.0,27857.0
4,True 1,2070.0,465.0,215.0,34.0,67.0
,True 2,546.0,446.0,301.0,42.0,33.0
,True 3,483.0,701.0,1380.0,653.0,293.0
,True 4,357.0,424.0,2027.0,4522.0,3905.0
,True 5,515.0,244.0,1626.0,8032.0,27984.0
5,True 1,2114.0,445.0,203.0,34.0,55.0
,True 2,563.0,443.0,301.0,39.0,22.0
,True 3,480.0,717.0,1362.0,642.0,309.0
,True 4,339.0,396.0,2074.0,4554.0,3872.0
,True 5,484.0,223.0,1669.0,8071.0,27954.0
6,True 1,2089.0,463.0,206.0,26.0,67.0
,True 2,557.0,454.0,275.0,41.0,41.0
,True 3,504.0,692.0,1369.0,648.0,297.0
,True 4,340.0,384.0,2041.0,4544.0,3926.0
,True 5,469.0,228.0,1661.0,8057.0,27986.0
7,True 1,2123.0,433.0,206.0,34.0,55.0
,True 2,545.0,434.0,302.0,50.0,37.0
,True 3,483.0,664.0,1393.0,674.0,296.0
,True 4,373.0,417.0,2066.0,4568.0,3811.0
,True 5,467.0,212.0,1703.0,8080.0,27939.0
8,True 1,2119.0,460.0,196.0,21.0,55.0
,True 2,571.0,444.0,282.0,38.0,32.0
,True 3,500.0,749.0,1311.0,638.0,313.0
,True 4,351.0,414.0,2035.0,4552.0,3883.0
,True 5,515.0,212.0,1668.0,7824.0,28181.0
9,True 1,2088.0,467.0,200.0,28.0,69.0
,True 2,534.0,456.0,305.0,40.0,32.0
,True 3,503.0,693.0,1335.0,682.0,297.0
,True 4,329.0,378.0,2036.0,4524.0,3968.0
,True 5,470.0,232.0,1635.0,8193.0,27870.0
10,True 1,2104.0,442.0,209.0,29.0,68.0
,True 2,605.0,438.0,246.0,45.0,33.0
,True 3,542.0,737.0,1355.0,596.0,280.0
,True 4,377.0,389.0,2133.0,4448.0,3888.0
,True 5,497.0,254.0,1699.0,7966.0,27984.0
