,Rounded RMSE,Rounded MSE,Rounded MAE,Accuracy,Log Loss
0,0.8728748894594389,0.7619105726488277,0.4726749760306807,0.6327900287631831,0.9547979247894842
1,0.8727151063970822,0.7616316569336704,0.4749760306807287,0.6298962782184259,0.9589531163446362
2,0.8739027935446556,0.763706092565153,0.473842935587902,0.6314303146517911,0.9576183794354931
3,0.8780023759822374,0.7708881722304541,0.4739823934454807,0.6338185304628258,0.9571046198590775
4,0.8770389077499999,0.7691972457073128,0.47173363549202474,0.6351782445742177,0.9538239270730318
5,0.8682995119972408,0.7539440425346465,0.46875272378628086,0.6348644643946657,0.952788346176717
6,0.8678476779284292,0.7531595920857665,0.46828205351695285,0.6352131090386124,0.955075391942328
7,0.870254748802399,0.7573433278131265,0.4694325808419768,0.635875533862111,0.9552047085604193
8,0.8707229334799582,0.7581584268879437,0.4668607489017502,0.6384492015898473,0.9489852030906369
9,0.8695910247411132,0.7561885503102992,0.4712014503870023,0.6320688933826093,0.9540835762625378
10,0.880587343849845,0.7754340701485252,0.47514120354229133,0.6334111986611812,0.957311026729841
AVG,0.8728943012665819,0.7619601590787024,0.4715346120193701,0.6339087088726791,0.9550678382058367
,,,,,
,,Predicted 1,Predicted 2,Predicted 3,Predicted 4,Predicted 5
AVG,True 1,0.734568506913094,0.16171389518958812,0.07173839699507964,0.010170952719838151,0.021808248182400014
,True 2,0.3996304729036797,0.32670893278062263,0.21789055806593252,0.031308104725692225,0.02446193152407298
,True 3,0.14141049726353058,0.2026104216363402,0.38856829215701333,0.1805962036950359,0.08681458524807999
,True 4,0.030691426953109193,0.03553020188534207,0.1833879516122507,0.40228992191609014,0.34810049763320794
,True 5,0.012700991673393924,0.005842693724733336,0.04395986348800892,0.20992972521134634,0.7275667259025176
0,True 1,0.7314165497896213,0.16725105189340814,0.06837307152875176,0.009467040673211781,0.023492286115007012
,True 2,0.39429407461594734,0.33284564740307243,0.20482809070958302,0.03584491587417703,0.03218727139722019
,True 3,0.14472934472934473,0.2150997150997151,0.38461538461538464,0.16381766381766383,0.09173789173789174
,True 4,0.02839341344014241,0.035246995994659545,0.18655985758789498,0.40053404539385845,0.3492656875834446
,True 5,0.012525715476159474,0.005520689565375902,0.04510299210958048,0.21007265435795944,0.7267779484909247
1,True 1,0.7327253595229744,0.16801122413188355,0.0673447913012978,0.009119607155384075,0.02279901788846019
,True 2,0.38011695906432746,0.31067251461988304,0.2573099415204678,0.03070175438596491,0.021198830409356724
,True 3,0.14387464387464388,0.19572649572649573,0.39173789173789175,0.17635327635327636,0.09230769230769231
,True 4,0.03177570093457944,0.03693813974187806,0.185491766800178,0.39225634178905205,0.35353805073431244
,True 5,0.012135100648420613,0.005234238691700737,0.044764459258873464,0.21293716309471108,0.7249290383062941
2,True 1,0.7274640477025605,0.15959312521922134,0.08172571027709576,0.011574886004910558,0.019642230796211857
,True 2,0.3757309941520468,0.34137426900584794,0.23318713450292397,0.031432748538011694,0.01827485380116959
,True 3,0.13304843304843306,0.19743589743589743,0.40028490028490027,0.18091168091168092,0.08831908831908832
,True 4,0.02972852692478861,0.036048064085447265,0.18264352469959946,0.3987538940809969,0.3528259902091678
,True 5,0.012864248326866487,0.006067550324210307,0.043774901695268355,0.21345798286502957,0.7238353167886253
3,True 1,0.739389687828832,0.1645036829182743,0.06559102069449316,0.009470361276745002,0.02104524728165556
,True 2,0.3896198830409357,0.31798245614035087,0.23318713450292397,0.029970760233918127,0.029239766081871343
,True 3,0.14444444444444443,0.20683760683760682,0.3866096866096866,0.17236467236467237,0.08974358974358974
,True 4,0.02883845126835781,0.034445927903871826,0.17943925233644858,0.4097018246550957,0.3475745438362261
,True 5,0.013280904143121273,0.006015468347178459,0.04669149240905185,0.20861435900106767,0.7253977760995808
4,True 1,0.725008768853034,0.16274991231146965,0.07646439845668186,0.012276394247632409,0.02350052613118204
,True 2,0.3991228070175439,0.3260233918128655,0.2185672514619883,0.03216374269005848,0.02412280701754386
,True 3,0.13675213675213677,0.19515669515669515,0.398005698005698,0.1866096866096866,0.08347578347578348
,True 4,0.03124165554072096,0.03729417000445038,0.1803293279928794,0.4031152647975078,0.34801958166444147
,True 5,0.013463191062732742,0.005937345381630686,0.042524934246504,0.20897893284029062,0.7290955964688419
5,True 1,0.7386881795861101,0.15713784636969486,0.07260610312171167,0.012276394247632409,0.01929147667485093
,True 2,0.4093567251461988,0.32383040935672514,0.22149122807017543,0.029239766081871343,0.01608187134502924
,True 3,0.1361823361823362,0.20341880341880342,0.3891737891737892,0.1831908831908832,0.08803418803418804
,True 4,0.030173564753004006,0.03408989764129951,0.1864708500222519,0.4048954161103694,0.3443702714730752
,True 5,0.0125517564646754,0.005963386370146611,0.043384286867529494,0.21012473633499126,0.7279758339626572
6,True 1,0.7330761136443353,0.1616976499473869,0.07260610312171167,0.009119607155384075,0.02350052613118204
,True 2,0.40497076023391815,0.3340643274853801,0.2010233918128655,0.029970760233918127,0.029970760233918127
,True 3,0.14245014245014245,0.198005698005698,0.39002849002849005,0.18461538461538463,0.0849002849002849
,True 4,0.029995549621717847,0.03373386737872719,0.1829105473965287,0.40364931019136624,0.34971072541166
,True 5,0.01210905965990469,0.006093591312726231,0.042707221166115465,0.21025494127757088,0.7288351865836827
7,True 1,0.743949491406524,0.15363030515608558,0.07120308663626798,0.011925640126271484,0.01929147667485093
,True 2,0.39766081871345027,0.32383040935672514,0.2149122807017544,0.03654970760233918,0.027046783625730993
,True 3,0.1378917378917379,0.19116809116809116,0.3945868945868946,0.19230769230769232,0.08404558404558404
,True 4,0.033110814419225636,0.038006230529595016,0.1829995549621718,0.40649755229194484,0.33938584779706277
,True 5,0.012187182625452462,0.005338402645764433,0.04471237728184162,0.20962995755318872,0.7281320798937527
8,True 1,0.7428972290424413,0.16099614170466503,0.06944931602946335,0.0073658365485794455,0.01929147667485093
,True 2,0.4133138258961229,0.32553035844915873,0.21068032187271396,0.027066569129480616,0.023408924652523776
,True 3,0.14070065508402166,0.21162062090572487,0.3782398177157505,0.18057533466248932,0.08886357163201367
,True 4,0.03141967067200712,0.036048064085447265,0.18175344904316867,0.4052514463729417,0.3455273698264352
,True 5,0.013333333333333334,0.005390625,0.0434375,0.203984375,0.7338541666666667
9,True 1,0.729312762973352,0.16725105189340814,0.06977559607293128,0.009817671809256662,0.023842917251051893
,True 2,0.38917337234820776,0.33430870519385514,0.2238478419897586,0.029261155815654718,0.023408924652523776
,True 3,0.14301994301994303,0.19886039886039886,0.3803418803418803,0.19373219373219372,0.08404558404558404
,True 4,0.029194481530930128,0.03417890520694259,0.18130841121495328,0.40222518914107697,0.353093012906097
,True 5,0.01234375,0.006145833333333333,0.04244791666666667,0.213359375,0.725703125
10,True 1,0.7363253856942497,0.15603085553997195,0.07398316970546985,0.009467040673211781,0.024193548387096774
,True 2,0.4425749817117776,0.3233357717629846,0.17776152158010242,0.03218727139722019,0.024140453547915143
,True 3,0.15242165242165243,0.2153846153846154,0.3806267806267806,0.17207977207977207,0.07948717948717948
,True 4,0.03373386737872719,0.03480195816644415,0.18736092567868268,0.3983088562527815,0.34579439252336447
,True 5,0.012916666666666667,0.0065625,0.04401041666666667,0.2078125,0.7286979166666666
,,Predicted 1,Predicted 2,Predicted 3,Predicted 4,Predicted 5
AVG,True 1,2094.4545454545455,461.09090909090907,204.54545454545453,29.0,62.18181818181818
,True 2,546.5454545454545,446.8181818181818,298.0,42.81818181818182,33.45454545454545
,True 3,496.3636363636364,711.1818181818181,1363.909090909091,633.9090909090909,304.72727272727275
,True 4,344.8181818181818,399.1818181818182,2060.3636363636365,4519.727272727273,3910.909090909091
,True 5,487.72727272727275,224.36363636363637,1688.090909090909,8061.454545454545,27939.090909090908
0,True 1,2086.0,477.0,195.0,27.0,67.0
,True 2,539.0,455.0,280.0,49.0,44.0
,True 3,508.0,755.0,1350.0,575.0,322.0
,True 4,319.0,396.0,2096.0,4500.0,3924.0
,True 5,481.0,212.0,1732.0,8067.0,27909.0
1,True 1,2089.0,479.0,192.0,26.0,65.0
,True 2,520.0,425.0,352.0,42.0,29.0
,True 3,505.0,687.0,1375.0,619.0,324.0
,True 4,357.0,415.0,2084.0,4407.0,3972.0
,True 5,466.0,201.0,1719.0,8177.0,27838.0
2,True 1,2074.0,455.0,233.0,33.0,56.0
,True 2,514.0,467.0,319.0,43.0,25.0
,True 3,467.0,693.0,1405.0,635.0,310.0
,True 4,334.0,405.0,2052.0,4480.0,3964.0
,True 5,494.0,233.0,1681.0,8197.0,27796.0
3,True 1,2108.0,469.0,187.0,27.0,60.0
,True 2,533.0,435.0,319.0,41.0,40.0
,True 3,507.0,726.0,1357.0,605.0,315.0
,True 4,324.0,387.0,2016.0,4603.0,3905.0
,True 5,510.0,231.0,1793.0,8011.0,27856.0
4,True 1,2067.0,464.0,218.0,35.0,67.0
,True 2,546.0,446.0,299.0,44.0,33.0
,True 3,480.0,685.0,1397.0,655.0,293.0
,True 4,351.0,419.0,2026.0,4529.0,3910.0
,True 5,517.0,228.0,1633.0,8025.0,27998.0
5,True 1,2106.0,448.0,207.0,35.0,55.0
,True 2,560.0,443.0,303.0,40.0,22.0
,True 3,478.0,714.0,1366.0,643.0,309.0
,True 4,339.0,383.0,2095.0,4549.0,3869.0
,True 5,482.0,229.0,1666.0,8069.0,27955.0
6,True 1,2090.0,461.0,207.0,26.0,67.0
,True 2,554.0,457.0,275.0,41.0,41.0
,True 3,500.0,695.0,1369.0,648.0,298.0
,True 4,337.0,379.0,2055.0,4535.0,3929.0
,True 5,465.0,234.0,1640.0,8074.0,27988.0
7,True 1,2121.0,438.0,203.0,34.0,55.0
,True 2,544.0,443.0,294.0,50.0,37.0
,True 3,484.0,671.0,1385.0,675.0,295.0
,True 4,372.0,427.0,2056.0,4567.0,3813.0
,True 5,468.0,205.0,1717.0,8050.0,27961.0
8,True 1,2118.0,459.0,198.0,21.0,55.0
,True 2,565.0,445.0,288.0,37.0,32.0
,True 3,494.0,743.0,1328.0,634.0,312.0
,True 4,353.0,405.0,2042.0,4553.0,3882.0
,True 5,512.0,207.0,1668.0,7833.0,28180.0
9,True 1,2080.0,477.0,199.0,28.0,68.0
,True 2,532.0,457.0,306.0,40.0,32.0
,True 3,502.0,698.0,1335.0,680.0,295.0
,True 4,328.0,384.0,2037.0,4519.0,3967.0
,True 5,474.0,236.0,1630.0,8193.0,27867.0
10,True 1,2100.0,445.0,211.0,27.0,69.0
,True 2,605.0,442.0,243.0,44.0,33.0
,True 3,535.0,756.0,1336.0,604.0,279.0
,True 4,379.0,391.0,2105.0,4475.0,3885.0
,True 5,496.0,252.0,1690.0,7980.0,27982.0
