,Rounded RMSE,Rounded MSE,Rounded MAE,Accuracy,Log Loss
0,0.8319745451992484,0.6921816438594962,0.4426915366512682,0.6484267410441907,0.9273001501172333
1,0.8544365888843364,0.7300618844243005,0.4539353264185479,0.6442778697812255,0.9309603733595492
2,0.8560977387380869,0.7329033382724658,0.45677678026671314,0.6422905953107295,0.9333961251917067
3,0.8635888824355573,0.7457857578662948,0.4577006885731718,0.6439117929050815,0.9297589047309277
4,0.8404176056814469,0.7063017519393359,0.44987361631656936,0.6430576135274122,0.9300013018839522
5,0.8338268099302302,0.6952671489584241,0.4438594962084895,0.6477817484528894,0.928698392191344
6,0.8513707857127237,0.7248322147651006,0.44905430140329466,0.6487928179203347,0.9282741231881517
7,0.8353620096050766,0.697829687091432,0.4447136755861588,0.6476248583631133,0.929985597904219
8,0.8507739598740695,0.7238163307998048,0.44960253817725404,0.648455477302838,0.9244595732824357
9,0.8378385065660694,0.7019733630848616,0.44494805104246565,0.6483683146224113,0.929030676978223
10,0.8393871639247164,0.7045708109615787,0.4438149361969179,0.6503381912000558,0.9278901264809122
AVG,0.8450067815046874,0.7141385392748268,0.4488155406218955,0.6466660018572984,0.9290686677553321
,,,,,
,,Predicted 1,Predicted 2,Predicted 3,Predicted 4,Predicted 5
AVG,True 1,0.7416149841373539,0.16691090805067693,0.05946314315674148,0.01208383278415545,0.019927131871072208
,True 2,0.36327157144929445,0.3747003492749074,0.2061255239026386,0.03383389199428932,0.022068663378870132
,True 3,0.11362067682204396,0.22641175611839237,0.39338551255384063,0.18634601682166477,0.08023603768405818
,True 4,0.02246227292956265,0.038079054901484805,0.1771897884047417,0.4193389165351782,0.3429299672290327
,True 5,0.011969468556196848,0.006938790311252943,0.037418795332527635,0.20470964735520225,0.7389632984448204
0,True 1,0.7317671809256662,0.17636746143057502,0.05855539971949509,0.012622720897615708,0.020687237026647966
,True 2,0.37966349670812,0.3672275054864667,0.19531821506949523,0.03218727139722019,0.025603511338697878
,True 3,0.1170940170940171,0.2378917378917379,0.3925925925925926,0.17264957264957265,0.07977207977207977
,True 4,0.020293724966622163,0.0376502002670227,0.1803293279928794,0.41112594570538497,0.3506008010680908
,True 5,0.010494518371917397,0.006354001197885472,0.03723861357777141,0.2008541444233223,0.7450587224291034
1,True 1,0.7453525078919677,0.16520519116099613,0.055769905296387236,0.01403016485443704,0.019642230796211857
,True 2,0.34649122807017546,0.3684210526315789,0.2273391812865497,0.04093567251461988,0.016812865497076022
,True 3,0.11794871794871795,0.21794871794871795,0.39658119658119656,0.1868945868945869,0.08062678062678062
,True 4,0.022696929238985315,0.03773920783266577,0.17926123720516243,0.41165999109924345,0.348642634623943
,True 5,0.013567355016796437,0.006171714278274004,0.03794172026770136,0.20502070258587016,0.7372985078513581
2,True 1,0.743949491406524,0.1606453875833041,0.0673447913012978,0.012627148368993335,0.015433181339880744
,True 2,0.35891812865497075,0.3742690058479532,0.21637426900584794,0.029239766081871343,0.021198830409356724
,True 3,0.10854700854700855,0.2230769230769231,0.4014245014245014,0.1829059829059829,0.08404558404558404
,True 4,0.022518914107699156,0.04147752558967512,0.1781041388518024,0.4131731197151758,0.34472630173564756
,True 5,0.01294237129241426,0.007708132600713523,0.037967761256217286,0.20804145725371734,0.7333402775969375
3,True 1,0.7460540161346896,0.16695896176780078,0.055419151175026306,0.009821115398105928,0.021746755524377413
,True 2,0.3574561403508772,0.37280701754385964,0.20906432748538012,0.03435672514619883,0.02631578947368421
,True 3,0.11851851851851852,0.22336182336182336,0.39829059829059826,0.17777777777777778,0.08205128205128205
,True 4,0.02394303515798843,0.03471295060080107,0.17578994214508234,0.4258121940364931,0.33974187805963507
,True 5,0.01429650269524231,0.006978984922267649,0.038931277831306475,0.2075466784719148,0.7322465560792688
4,True 1,0.7218519817607857,0.18274289722904244,0.0620834794808839,0.011224131883549631,0.02209750964573834
,True 2,0.3508771929824561,0.3925438596491228,0.20248538011695907,0.03070175438596491,0.023391812865497075
,True 3,0.10655270655270656,0.2299145299145299,0.39173789173789175,0.196011396011396,0.07578347578347579
,True 4,0.022429906542056073,0.041566533155318205,0.17890520694259013,0.4224299065420561,0.3346684468179795
,True 5,0.01083305122262441,0.007057107887815422,0.03630113799119815,0.21215593343923336,0.7336527694591287
5,True 1,0.7390389337074711,0.1687127323746054,0.058926692388635564,0.014380918975797966,0.018940722553490004
,True 2,0.36330409356725146,0.3618421052631579,0.2236842105263158,0.03508771929824561,0.01608187134502924
,True 3,0.1076923076923077,0.22364672364672364,0.39487179487179486,0.196011396011396,0.07777777777777778
,True 4,0.023230974632843793,0.038184245660881175,0.17561192701379616,0.4222518914107699,0.3407209612817089
,True 5,0.010520559360433323,0.006666493060076561,0.03716049061222364,0.20535923543657716,0.7402932215306893
6,True 1,0.7513153279551035,0.15608558400561207,0.061381971238162046,0.01052262364082778,0.020694493160294633
,True 2,0.3676900584795322,0.37207602339181284,0.20248538011695907,0.029239766081871343,0.02850877192982456
,True 3,0.11851851851851852,0.2301994301994302,0.38290598290598293,0.1905982905982906,0.07777777777777778
,True 4,0.023052959501557634,0.035246995994659545,0.18317757009345795,0.4127280818869604,0.34579439252336447
,True 5,0.013280904143121273,0.0068227389911721045,0.03713444962370772,0.1983542095257936,0.7444076977162053
7,True 1,0.7516660820764643,0.15573482988425114,0.06032970887407927,0.013679410733076113,0.018589968432129077
,True 2,0.3406432748538012,0.3888888888888889,0.20906432748538012,0.0402046783625731,0.021198830409356724
,True 3,0.10227920227920229,0.21965811965811965,0.4031339031339031,0.1997150997150997,0.07521367521367521
,True 4,0.021717846016911437,0.038184245660881175,0.18210947930574098,0.4255451713395639,0.3324432576769025
,True 5,0.010546600348949246,0.0072133538189109656,0.03817608916434468,0.20762480143746256,0.7364391552303325
8,True 1,0.7460540161346896,0.1729217818309365,0.05647141353910908,0.007716590669940372,0.01683619782532445
,True 2,0.3745427944403804,0.3650329188002926,0.20629114850036576,0.03145574250182882,0.02267739575713241
,True 3,0.10566790088293933,0.24209626886926802,0.38536029621190543,0.1802905155226431,0.08658501851324409
,True 4,0.023141967067200713,0.03969737427681353,0.1759679572763685,0.4202047174009791,0.34098798397863817
,True 5,0.013151041666666667,0.0069791666666666665,0.038515625,0.19921875,0.7421354166666667
9,True 1,0.7492987377279102,0.15953716690042075,0.05820476858345021,0.009467040673211781,0.023492286115007012
,True 2,0.3650329188002926,0.3774689100219459,0.20190197512801755,0.033650329188002925,0.021945866861741038
,True 3,0.12393162393162394,0.21253561253561254,0.38945868945868944,0.1868945868945869,0.08717948717948718
,True 4,0.022696929238985315,0.03462394303515799,0.16217178460169115,0.4310636404094348,0.34944370271473074
,True 5,0.010807291666666666,0.006796875,0.036953125,0.20768229166666666,0.7377604166666667
10,True 1,0.7314165497896213,0.17110799438990182,0.05960729312762973,0.016830294530154277,0.021037868162692847
,True 2,0.3913679590343819,0.3811265544989027,0.1733723482077542,0.03511338697878566,0.019019751280175568
,True 3,0.12307692307692308,0.2301994301994302,0.3908831908831909,0.18005698005698006,0.07578347578347579
,True 4,0.021361815754339118,0.03978638184245661,0.177659101023587,0.416733422340899,0.3444592790387183
,True 5,0.011223958333333334,0.007578125,0.03528645833333333,0.19994791666666667,0.7459635416666667
,,Predicted 1,Predicted 2,Predicted 3,Predicted 4,Predicted 5
AVG,True 1,2114.5454545454545,475.90909090909093,169.54545454545453,34.45454545454545,56.81818181818182
,True 2,496.8181818181818,512.4545454545455,281.90909090909093,46.27272727272727,30.181818181818183
,True 3,398.8181818181818,794.7272727272727,1380.8181818181818,654.0909090909091,281.6363636363636
,True 4,252.36363636363637,427.8181818181818,1990.7272727272727,4711.272727272727,3852.818181818182
,True 5,459.6363636363636,266.45454545454544,1436.909090909091,7861.0,28376.727272727272
0,True 1,2087.0,503.0,167.0,36.0,59.0
,True 2,519.0,502.0,267.0,44.0,35.0
,True 3,411.0,835.0,1378.0,606.0,280.0
,True 4,228.0,423.0,2026.0,4619.0,3939.0
,True 5,403.0,244.0,1430.0,7713.0,28611.0
1,True 1,2125.0,471.0,159.0,40.0,56.0
,True 2,474.0,504.0,311.0,56.0,23.0
,True 3,414.0,765.0,1392.0,656.0,283.0
,True 4,255.0,424.0,2014.0,4625.0,3917.0
,True 5,521.0,237.0,1457.0,7873.0,28313.0
2,True 1,2121.0,458.0,192.0,36.0,44.0
,True 2,491.0,512.0,296.0,40.0,29.0
,True 3,381.0,783.0,1409.0,642.0,295.0
,True 4,253.0,466.0,2001.0,4642.0,3873.0
,True 5,497.0,296.0,1458.0,7989.0,28161.0
3,True 1,2127.0,476.0,158.0,28.0,62.0
,True 2,489.0,510.0,286.0,47.0,36.0
,True 3,416.0,784.0,1398.0,624.0,288.0
,True 4,269.0,390.0,1975.0,4784.0,3817.0
,True 5,549.0,268.0,1495.0,7970.0,28119.0
4,True 1,2058.0,521.0,177.0,32.0,63.0
,True 2,480.0,537.0,277.0,42.0,32.0
,True 3,374.0,807.0,1375.0,688.0,266.0
,True 4,252.0,467.0,2010.0,4746.0,3760.0
,True 5,416.0,271.0,1394.0,8147.0,28173.0
5,True 1,2107.0,481.0,168.0,41.0,54.0
,True 2,497.0,495.0,306.0,48.0,22.0
,True 3,378.0,785.0,1386.0,688.0,273.0
,True 4,261.0,429.0,1973.0,4744.0,3828.0
,True 5,404.0,256.0,1427.0,7886.0,28428.0
6,True 1,2142.0,445.0,175.0,30.0,59.0
,True 2,503.0,509.0,277.0,40.0,39.0
,True 3,416.0,808.0,1344.0,669.0,273.0
,True 4,259.0,396.0,2058.0,4637.0,3885.0
,True 5,510.0,262.0,1426.0,7617.0,28586.0
7,True 1,2143.0,444.0,172.0,39.0,53.0
,True 2,466.0,532.0,286.0,55.0,29.0
,True 3,359.0,771.0,1415.0,701.0,264.0
,True 4,244.0,429.0,2046.0,4781.0,3735.0
,True 5,405.0,277.0,1466.0,7973.0,28280.0
8,True 1,2127.0,493.0,161.0,22.0,48.0
,True 2,512.0,499.0,282.0,43.0,31.0
,True 3,371.0,850.0,1353.0,633.0,304.0
,True 4,260.0,446.0,1977.0,4721.0,3831.0
,True 5,505.0,268.0,1479.0,7650.0,28498.0
9,True 1,2137.0,455.0,166.0,27.0,67.0
,True 2,499.0,516.0,276.0,46.0,30.0
,True 3,435.0,746.0,1367.0,656.0,306.0
,True 4,255.0,389.0,1822.0,4843.0,3926.0
,True 5,415.0,261.0,1419.0,7975.0,28330.0
10,True 1,2086.0,488.0,170.0,48.0,60.0
,True 2,535.0,521.0,237.0,48.0,26.0
,True 3,432.0,808.0,1372.0,632.0,266.0
,True 4,240.0,447.0,1996.0,4682.0,3870.0
,True 5,431.0,291.0,1355.0,7678.0,28645.0
