,Rounded RMSE,Rounded MSE,Rounded MAE,Accuracy,Log Loss
0,0.8253374493763016,0.6811819053429792,0.437130654580319,0.6515994073041053,0.9195333921343354
1,0.8229896413656561,0.6773119497951713,0.4394665736947616,0.6484093088119933,0.9226628751744208
2,0.8288256597139693,0.6869519742002963,0.44506232023010545,0.6442430053168309,0.925643741865064
3,0.8377375699062469,0.7018042360324239,0.44446962433539616,0.6479909352392574,0.9216644812123505
4,0.8289097852347233,0.687091432057875,0.44223829861413755,0.6469275690752201,0.9230765120962396
5,0.8268146212124008,0.6836224178506057,0.438908742264447,0.6502222609605159,0.9209709917300043
6,0.8434405513970484,0.711391963740957,0.4448182689793428,0.6502222609605159,0.9207228272672002
7,0.8264455757784048,0.6830122897236991,0.4393445480693803,0.6496644295302013,0.92167241663664
8,0.8277279343035451,0.6851335332264138,0.4376612509587895,0.6525869883550659,0.9169247520855934
9,0.8281490413384706,0.6858308346698277,0.44093856774283524,0.6484903423750087,0.9214191791151667
10,0.8326520237472811,0.6933093926504428,0.4402238337633359,0.6513144132208354,0.9196468872965257
AVG,0.8299118048521862,0.6887856299355174,0.4409329712029864,0.6492428110135955,0.9212670960557765
,,,,,
,,Predicted 1,Predicted 2,Predicted 3,Predicted 4,Predicted 5
AVG,True 1,0.7327195009497374,0.17842093607209855,0.057613812959369716,0.01163742962836118,0.019608320390433212
,True 2,0.34678684391366793,0.3909861036733174,0.20599247003589974,0.03476429680083474,0.021470285576280265
,True 3,0.10509979698245148,0.23174705817827437,0.39478398116962626,0.18966103571629064,0.07870812795335723
,True 4,0.019945786300926485,0.03799004733584172,0.17508597321681432,0.4262976898490917,0.3406805032973257
,True 5,0.010454347496178682,0.007222876103388249,0.03617119049930045,0.2054222299687587,0.740729355932374
0,True 1,0.7317671809256662,0.1749649368863955,0.05960729312762973,0.012973352033660589,0.020687237026647966
,True 2,0.36283833211411853,0.38697878566203364,0.19239209948792976,0.03145574250182882,0.026335040234089245
,True 3,0.10883190883190884,0.2438746438746439,0.3886039886039886,0.17834757834757833,0.08034188034188035
,True 4,0.019403649310191368,0.03658210947930574,0.1759679572763685,0.41602136181575433,0.35202492211838005
,True 5,0.010208067498242233,0.0069269029452358015,0.034764719668758624,0.20007291476784458,0.7480273951199188
1,True 1,0.7411434584356367,0.17081725710277096,0.05366538056822168,0.013328656611715188,0.02104524728165556
,True 2,0.3333333333333333,0.385233918128655,0.22149122807017543,0.039473684210526314,0.02046783625730994
,True 3,0.10712250712250712,0.23076923076923078,0.39373219373219376,0.1891737891737892,0.07920227920227921
,True 4,0.019492656875834447,0.038807298620382735,0.1755229194481531,0.41958166444147754,0.3465954606141522
,True 5,0.009088304992057499,0.007005025910783573,0.03669175281893701,0.20608838311502303,0.7411265331631989
2,True 1,0.7369344089793055,0.1711680112241319,0.06488951245177131,0.011224131883549631,0.01578393546124167
,True 2,0.3442982456140351,0.3961988304093567,0.20833333333333334,0.033625730994152045,0.017543859649122806
,True 3,0.10227920227920229,0.2301994301994302,0.39715099715099716,0.1886039886039886,0.08176638176638176
,True 4,0.01842456608811749,0.04183355585224744,0.17436582109479307,0.42064975522919446,0.34472630173564756
,True 5,0.009999739590114841,0.006900861956719877,0.037316736543319184,0.21158303169188303,0.7341996302179631
3,True 1,0.739740441950193,0.17502630655910206,0.05366538056822168,0.009470361276745002,0.02209750964573834
,True 2,0.3399122807017544,0.39108187134502925,0.2097953216374269,0.03289473684210526,0.02631578947368421
,True 3,0.10598290598290598,0.23048433048433048,0.3974358974358974,0.18575498575498575,0.08034188034188035
,True 4,0.021984868713840675,0.03408989764129951,0.17053849577214064,0.434623943035158,0.33876279483756117
,True 5,0.01140595296997474,0.006874820968203953,0.03692612171558032,0.20913517877138615,0.7356579255748549
4,True 1,0.7172921781830937,0.19151175026306558,0.058926692388635564,0.012276394247632409,0.01999298491757278
,True 2,0.3267543859649123,0.4057017543859649,0.21271929824561403,0.03289473684210526,0.021929824561403508
,True 3,0.09943019943019943,0.23675213675213674,0.3866096866096866,0.20028490028490029,0.07692307692307693
,True 4,0.01922563417890521,0.040943480195816645,0.17739207832665776,0.43213173119715176,0.33030707610146864
,True 5,0.010208067498242233,0.007291476784458738,0.035259498450561186,0.21030702325460274,0.7369339340121351
5,True 1,0.7313223430375307,0.18028761837951596,0.057523675903191865,0.012627148368993335,0.01823921431076815
,True 2,0.33845029239766083,0.3830409356725146,0.22441520467836257,0.038011695906432746,0.01608187134502924
,True 3,0.10227920227920229,0.22934472934472935,0.39658119658119656,0.19401709401709402,0.07777777777777778
,True 4,0.020382732532265243,0.03845126835781042,0.1749888740542946,0.42955051179350245,0.3366266132621273
,True 5,0.010286190463790005,0.00723939480742689,0.03546782635868857,0.20554152235618864,0.7414650660139059
6,True 1,0.7432479831638021,0.16625745352507892,0.06103121711680112,0.01052262364082778,0.018940722553490004
,True 2,0.35233918128654973,0.3888888888888889,0.19956140350877194,0.031432748538011694,0.027777777777777776
,True 3,0.11339031339031339,0.22706552706552707,0.3925925925925926,0.1891737891737892,0.07777777777777778
,True 4,0.02127280818869604,0.035246995994659545,0.18184245660881174,0.4205607476635514,0.3410769915442813
,True 5,0.012708002395770943,0.006796698002656181,0.036613629853389236,0.2005156115726153,0.7433660581755683
7,True 1,0.7334268677656962,0.17783233952998947,0.057172921781830935,0.012977902490354262,0.018589968432129077
,True 2,0.33114035087719296,0.391812865497076,0.2149122807017544,0.04093567251461988,0.021198830409356724
,True 3,0.0943019943019943,0.2205128205128205,0.4094017094017094,0.2022792022792023,0.0735042735042735
,True 4,0.020293724966622163,0.03773920783266577,0.18157543391188252,0.42857142857142855,0.331820204717401
,True 5,0.009713288716439675,0.008098747428452385,0.036092810083070755,0.20681753079346893,0.7392776229785682
8,True 1,0.7330761136443353,0.1887057172921782,0.05366538056822168,0.00701508242721852,0.017537706068046298
,True 2,0.36430138990490124,0.3847841989758595,0.19970738844184346,0.029992684711046085,0.02121433796634967
,True 3,0.0968385075477072,0.2460837368271148,0.390487040729137,0.18741099401879807,0.07917972087724295
,True 4,0.019848687138406765,0.03934134401424121,0.1729417000445038,0.43079661771250555,0.3370716510903427
,True 5,0.010520833333333333,0.007473958333333333,0.037578125,0.19942708333333334,0.745
9,True 1,0.7345722300140253,0.17601683029453016,0.05504908835904628,0.011570827489481066,0.02279102384291725
,True 2,0.3467446964155084,0.39575713240673005,0.20263350402340893,0.03511338697878566,0.019751280175566936
,True 3,0.11225071225071225,0.22364672364672364,0.3891737891737892,0.18945868945868946,0.08547008547008547
,True 4,0.01842456608811749,0.03595905651980418,0.16421895861148197,0.4367601246105919,0.34463729417000444
,True 5,0.010078125,0.007057291666666667,0.036328125,0.20979166666666665,0.7367447916666666
10,True 1,0.717391304347826,0.1900420757363254,0.05855539971949509,0.014025245441795231,0.019985974754558204
,True 2,0.3745427944403804,0.3913679590343819,0.1799561082662765,0.036576444769568395,0.01755669348939283
,True 3,0.11339031339031339,0.23048433048433048,0.4008547008547009,0.18176638176638177,0.0735042735042735
,True 4,0.02064975522919448,0.03889630618602581,0.17659101023587004,0.4200267022696929,0.3438362260792167
,True 5,0.01078125,0.007786458333333334,0.03484375,0.20036458333333335,0.7462239583333333
,,Predicted 1,Predicted 2,Predicted 3,Predicted 4,Predicted 5
AVG,True 1,2089.181818181818,508.72727272727275,164.27272727272728,33.18181818181818,55.90909090909091
,True 2,474.27272727272725,534.7272727272727,281.72727272727275,47.54545454545455,29.363636363636363
,True 3,368.90909090909093,813.4545454545455,1385.7272727272727,665.7272727272727,276.27272727272725
,True 4,224.0909090909091,426.8181818181818,1967.090909090909,4789.454545454545,3827.5454545454545
,True 5,401.45454545454544,277.3636363636364,1389.0,7888.363636363636,28444.545454545456
0,True 1,2087.0,499.0,170.0,37.0,59.0
,True 2,496.0,529.0,263.0,43.0,36.0
,True 3,382.0,856.0,1364.0,626.0,282.0
,True 4,218.0,411.0,1977.0,4674.0,3955.0
,True 5,392.0,266.0,1335.0,7683.0,28725.0
1,True 1,2113.0,487.0,153.0,38.0,60.0
,True 2,456.0,527.0,303.0,54.0,28.0
,True 3,376.0,810.0,1382.0,664.0,278.0
,True 4,219.0,436.0,1972.0,4714.0,3894.0
,True 5,349.0,269.0,1409.0,7914.0,28460.0
2,True 1,2101.0,488.0,185.0,32.0,45.0
,True 2,471.0,542.0,285.0,46.0,24.0
,True 3,359.0,808.0,1394.0,662.0,287.0
,True 4,207.0,470.0,1959.0,4726.0,3873.0
,True 5,384.0,265.0,1433.0,8125.0,28194.0
3,True 1,2109.0,499.0,153.0,27.0,63.0
,True 2,465.0,535.0,287.0,45.0,36.0
,True 3,372.0,809.0,1395.0,652.0,282.0
,True 4,247.0,383.0,1916.0,4883.0,3806.0
,True 5,438.0,264.0,1418.0,8031.0,28250.0
4,True 1,2045.0,546.0,168.0,35.0,57.0
,True 2,447.0,555.0,291.0,45.0,30.0
,True 3,349.0,831.0,1357.0,703.0,270.0
,True 4,216.0,460.0,1993.0,4855.0,3711.0
,True 5,392.0,280.0,1354.0,8076.0,28299.0
5,True 1,2085.0,514.0,164.0,36.0,52.0
,True 2,463.0,524.0,307.0,52.0,22.0
,True 3,359.0,805.0,1392.0,681.0,273.0
,True 4,229.0,432.0,1966.0,4826.0,3782.0
,True 5,395.0,278.0,1362.0,7893.0,28473.0
6,True 1,2119.0,474.0,174.0,30.0,54.0
,True 2,482.0,532.0,273.0,43.0,38.0
,True 3,398.0,797.0,1378.0,664.0,273.0
,True 4,239.0,396.0,2043.0,4725.0,3832.0
,True 5,488.0,261.0,1406.0,7700.0,28546.0
7,True 1,2091.0,507.0,163.0,37.0,53.0
,True 2,453.0,536.0,294.0,56.0,29.0
,True 3,331.0,774.0,1437.0,710.0,258.0
,True 4,228.0,424.0,2040.0,4815.0,3728.0
,True 5,373.0,311.0,1386.0,7942.0,28389.0
8,True 1,2090.0,538.0,153.0,20.0,50.0
,True 2,498.0,526.0,273.0,41.0,29.0
,True 3,340.0,864.0,1371.0,658.0,278.0
,True 4,223.0,442.0,1943.0,4840.0,3787.0
,True 5,404.0,287.0,1443.0,7658.0,28608.0
9,True 1,2095.0,502.0,157.0,33.0,65.0
,True 2,474.0,541.0,277.0,48.0,27.0
,True 3,394.0,785.0,1366.0,665.0,300.0
,True 4,207.0,404.0,1845.0,4907.0,3872.0
,True 5,387.0,271.0,1395.0,8056.0,28291.0
10,True 1,2046.0,542.0,167.0,40.0,57.0
,True 2,512.0,535.0,246.0,50.0,24.0
,True 3,398.0,809.0,1407.0,638.0,258.0
,True 4,232.0,437.0,1984.0,4719.0,3863.0
,True 5,414.0,299.0,1338.0,7694.0,28655.0
