,Rounded RMSE,Rounded MSE,Rounded MAE,Accuracy,Log Loss
0,0.8597833703155392,0.7392274438711477,0.46102356714544696,0.6414028726816343,0.9558479726796757
1,0.8655623370113472,0.749198159252545,0.4661135127597267,0.6377771579974899,0.9630172653514364
2,0.8714630088325561,0.7594477757634919,0.47399246966950215,0.6298982010877144,0.9649411753364291
3,0.8663574745397056,0.7505752736908166,0.4655184436231783,0.6376124398577505,0.9599012501320491
4,0.870132120576472,0.757129907258908,0.47360714036678053,0.631406457011366,0.9708198112702536
5,0.8519922550082021,0.7258908025939613,0.46245031727215674,0.6367059479813123,0.9590126580281622
6,0.8725329311374969,0.7613137159193919,0.46928387141761385,0.6368454082699951,0.966779237025002
7,0.8825055139482604,0.7788159821490831,0.4786974409037027,0.6307788857122935,0.9726448767542886
8,0.8546480339743093,0.7304232619761523,0.4604281430862562,0.6386583920228714,0.9590960429822726
9,0.8674433627551912,0.7524579875880343,0.46781953838644447,0.6360086465378983,0.9642770548012046
10,0.8717333956162079,0.759919113032564,0.471933616902587,0.6319642981660972,0.9599000767424343
AVG,0.866741254883208,0.7513090384632815,0.4682607328666723,0.6353689733933112,0.9632943110093826
,,,,,
,,Predicted 1,Predicted 2,Predicted 3,Predicted 4,Predicted 5
AVG,True 1,0.7389390023595076,0.1609459591104642,0.06810320374426776,0.011606463646821684,0.02040537113893875
,True 2,0.40840571169325607,0.3092204651858919,0.22812785986115197,0.03217309692074316,0.022072866338956783
,True 3,0.14171448014690793,0.19776599143383297,0.3907574037793802,0.18502075426566922,0.0847413703742096
,True 4,0.03152492557084939,0.0358620965153539,0.18102664742928185,0.4019936888395415,0.34959264164497345
,True 5,0.011770475297712045,0.005880536828550056,0.04405179937064636,0.2083652843138183,0.7299319041892732
0,True 1,0.729312762973352,0.15988779803646563,0.07713884992987377,0.012622720897615708,0.021037868162692847
,True 2,0.4152046783625731,0.2982456140350877,0.24269005847953215,0.029239766081871343,0.014619883040935672
,True 3,0.16059225512528474,0.1970387243735763,0.3678815489749431,0.19817767653758542,0.07630979498861047
,True 4,0.03275186899252403,0.039159843360626556,0.17123531505873976,0.41367034531861874,0.34318262726949095
,True 5,0.0109375,0.00625,0.041041666666666664,0.20302083333333334,0.73875
1,True 1,0.7307152875175316,0.15007012622720897,0.07433380084151472,0.016830294530154277,0.028050490883590462
,True 2,0.4298245614035088,0.30409356725146197,0.19883040935672514,0.03508771929824561,0.03216374269005848
,True 3,0.14350797266514806,0.1845102505694761,0.4020501138952164,0.18792710706150342,0.08200455580865604
,True 4,0.029903880384478464,0.03097187611249555,0.16909932360270558,0.4065503737985048,0.36347454610181557
,True 5,0.010833333333333334,0.006354166666666667,0.045,0.20583333333333334,0.7319791666666666
2,True 1,0.7475455820476858,0.16690042075736325,0.0546984572230014,0.008415147265077139,0.02244039270687237
,True 2,0.43859649122807015,0.28654970760233917,0.21637426900584794,0.02631578947368421,0.03216374269005848
,True 3,0.14350797266514806,0.1845102505694761,0.39977220956719817,0.18906605922551253,0.08314350797266515
,True 4,0.034531861872552506,0.0352438590245639,0.19045923816304736,0.3862584549661801,0.3535065859736561
,True 5,0.011770833333333333,0.005833333333333334,0.0434375,0.21322916666666666,0.7257291666666666
3,True 1,0.7710674157303371,0.13904494382022473,0.056179775280898875,0.012640449438202247,0.021067415730337078
,True 2,0.3713450292397661,0.30994152046783624,0.24853801169590642,0.05263157894736842,0.017543859649122806
,True 3,0.1571753986332574,0.19817767653758542,0.38610478359908884,0.1845102505694761,0.07403189066059225
,True 4,0.03310786756852972,0.032039871840512636,0.1755072979708081,0.4012103951584194,0.35813456746173017
,True 5,0.012395833333333333,0.005729166666666666,0.041666666666666664,0.20864583333333334,0.7315625
4,True 1,0.7275280898876404,0.1601123595505618,0.07724719101123595,0.016853932584269662,0.018258426966292134
,True 2,0.43567251461988304,0.2982456140350877,0.22514619883040934,0.023391812865497075,0.017543859649122806
,True 3,0.14578587699316628,0.19817767653758542,0.4134396355353075,0.16856492027334852,0.07403189066059225
,True 4,0.0352438590245639,0.034531861872552506,0.1947312210751157,0.39266642933428264,0.34282662869348524
,True 5,0.010625,0.0067708333333333336,0.04625,0.21041666666666667,0.7259375
5,True 1,0.7601683029453016,0.15287517531556802,0.06451612903225806,0.005610098176718092,0.016830294530154277
,True 2,0.38011695906432746,0.34502923976608185,0.2222222222222222,0.04093567251461988,0.011695906432748537
,True 3,0.14709236031927023,0.22120866590649943,0.3728620296465222,0.17559863169897377,0.08323831242873432
,True 4,0.028123887504449982,0.04271982912068352,0.18155927376290495,0.41402634389462445,0.3335706657173371
,True 5,0.01,0.005833333333333334,0.04479166666666667,0.2121875,0.7271875
6,True 1,0.7251051893408135,0.16830294530154277,0.07152875175315568,0.009817671809256662,0.025245441795231416
,True 2,0.391812865497076,0.34210526315789475,0.21637426900584794,0.03508771929824561,0.014619883040935672
,True 3,0.13112884834663627,0.20866590649942987,0.38768529076396807,0.18700114025085518,0.08551881413911061
,True 4,0.02847988608045568,0.03987184051263795,0.18262726949092203,0.40939836240655036,0.33962264150943394
,True 5,0.012708333333333334,0.00625,0.04510416666666667,0.20583333333333334,0.7301041666666667
7,True 1,0.7152875175315568,0.17812061711079943,0.0729312762973352,0.011220196353436185,0.02244039270687237
,True 2,0.4269005847953216,0.3216374269005848,0.19883040935672514,0.03216374269005848,0.02046783625730994
,True 3,0.12998859749144812,0.20182440136830102,0.3831242873432155,0.19840364880273662,0.08665906499429875
,True 4,0.03595585617657529,0.037023851904592384,0.1836952652189391,0.3951584193663225,0.3481666073335707
,True 5,0.012395833333333333,0.006354166666666667,0.04729166666666667,0.206875,0.7270833333333333
8,True 1,0.7321178120617111,0.17110799438990182,0.07573632538569425,0.005610098176718092,0.015427769985974754
,True 2,0.36257309941520466,0.34502923976608185,0.24853801169590642,0.017543859649122806,0.02631578947368421
,True 3,0.14481185860889395,0.19954389965792474,0.3865450399087799,0.18700114025085518,0.08209806157354618
,True 4,0.030626780626780627,0.038105413105413107,0.1787749287749288,0.39850427350427353,0.353988603988604
,True 5,0.011769607332569524,0.004582855952504948,0.041349859389646915,0.20685345276533695,0.7354442245599416
9,True 1,0.7321178120617111,0.17391304347826086,0.061711079943899017,0.0182328190743338,0.014025245441795231
,True 2,0.41812865497076024,0.2631578947368421,0.27485380116959063,0.02631578947368421,0.017543859649122806
,True 3,0.12542759407069556,0.19270239452679588,0.4047890535917902,0.18244013683010263,0.09464082098061574
,True 4,0.03027065527065527,0.03027065527065527,0.18233618233618235,0.4163105413105413,0.3408119658119658
,True 5,0.012602853869388605,0.005728569940631184,0.04655765024476617,0.20758254348505364,0.7275283824601604
10,True 1,0.7573632538569425,0.15007012622720897,0.06311360448807854,0.009817671809256662,0.019635343618513323
,True 2,0.4222873900293255,0.2873900293255132,0.21700879765395895,0.03519061583577713,0.03812316715542522
,True 3,0.12984054669703873,0.18906605922551253,0.3940774487471526,0.1765375854214123,0.11047835990888383
,True 4,0.027777777777777776,0.03454415954415954,0.18126780626780628,0.38817663817663817,0.3682336182336182
,True 5,0.013436100406207687,0.004999479220914488,0.042078950109363605,0.21154046453494427,0.7279450057285699
,,Predicted 1,Predicted 2,Predicted 3,Predicted 4,Predicted 5
AVG,True 1,526.7272727272727,114.72727272727273,48.54545454545455,8.272727272727273,14.545454545454545
,True 2,139.63636363636363,105.72727272727273,78.0,11.0,7.545454545454546
,True 3,124.36363636363636,173.54545454545453,342.90909090909093,162.36363636363637,74.36363636363636
,True 4,88.54545454545455,100.72727272727273,508.45454545454544,1129.090909090909,981.9090909090909
,True 5,113.0,56.45454545454545,422.90909090909093,2000.3636363636363,7007.545454545455
0,True 1,520.0,114.0,55.0,9.0,15.0
,True 2,142.0,102.0,83.0,10.0,5.0
,True 3,141.0,173.0,323.0,174.0,67.0
,True 4,92.0,110.0,481.0,1162.0,964.0
,True 5,105.0,60.0,394.0,1949.0,7092.0
1,True 1,521.0,107.0,53.0,12.0,20.0
,True 2,147.0,104.0,68.0,12.0,11.0
,True 3,126.0,162.0,353.0,165.0,72.0
,True 4,84.0,87.0,475.0,1142.0,1021.0
,True 5,104.0,61.0,432.0,1976.0,7027.0
2,True 1,533.0,119.0,39.0,6.0,16.0
,True 2,150.0,98.0,74.0,9.0,11.0
,True 3,126.0,162.0,351.0,166.0,73.0
,True 4,97.0,99.0,535.0,1085.0,993.0
,True 5,113.0,56.0,417.0,2047.0,6967.0
3,True 1,549.0,99.0,40.0,9.0,15.0
,True 2,127.0,106.0,85.0,18.0,6.0
,True 3,138.0,174.0,339.0,162.0,65.0
,True 4,93.0,90.0,493.0,1127.0,1006.0
,True 5,119.0,55.0,400.0,2003.0,7023.0
4,True 1,518.0,114.0,55.0,12.0,13.0
,True 2,149.0,102.0,77.0,8.0,6.0
,True 3,128.0,174.0,363.0,148.0,65.0
,True 4,99.0,97.0,547.0,1103.0,963.0
,True 5,102.0,65.0,444.0,2020.0,6969.0
5,True 1,542.0,109.0,46.0,4.0,12.0
,True 2,130.0,118.0,76.0,14.0,4.0
,True 3,129.0,194.0,327.0,154.0,73.0
,True 4,79.0,120.0,510.0,1163.0,937.0
,True 5,96.0,56.0,430.0,2037.0,6981.0
6,True 1,517.0,120.0,51.0,7.0,18.0
,True 2,134.0,117.0,74.0,12.0,5.0
,True 3,115.0,183.0,340.0,164.0,75.0
,True 4,80.0,112.0,513.0,1150.0,954.0
,True 5,122.0,60.0,433.0,1976.0,7009.0
7,True 1,510.0,127.0,52.0,8.0,16.0
,True 2,146.0,110.0,68.0,11.0,7.0
,True 3,114.0,177.0,336.0,174.0,76.0
,True 4,101.0,104.0,516.0,1110.0,978.0
,True 5,119.0,61.0,454.0,1986.0,6980.0
8,True 1,522.0,122.0,54.0,4.0,11.0
,True 2,124.0,118.0,85.0,6.0,9.0
,True 3,127.0,175.0,339.0,164.0,72.0
,True 4,86.0,107.0,502.0,1119.0,994.0
,True 5,113.0,44.0,397.0,1986.0,7061.0
9,True 1,522.0,124.0,44.0,13.0,10.0
,True 2,143.0,90.0,94.0,9.0,6.0
,True 3,110.0,169.0,355.0,160.0,83.0
,True 4,85.0,85.0,512.0,1169.0,957.0
,True 5,121.0,55.0,447.0,1993.0,6985.0
10,True 1,540.0,107.0,45.0,7.0,14.0
,True 2,144.0,98.0,74.0,12.0,13.0
,True 3,114.0,166.0,346.0,155.0,97.0
,True 4,78.0,97.0,509.0,1090.0,1034.0
,True 5,129.0,48.0,404.0,2031.0,6989.0
