,Rounded RMSE,Rounded MSE,Rounded MAE,Accuracy,Log Loss
0,1.0602358515975645,1.1241000610128127,0.5923472500653709,0.6023184868822453,1.1377869940670435
1,1.068245657188366,1.1411487841018042,0.598901769371568,0.5989714983003573,1.1409097250962024
2,1.0572721775502147,1.1178244574217728,0.5937069641767628,0.5982219123158721,1.1382878840435497
3,1.0632486492957487,1.1304976902292339,0.5952932973067201,0.5999128388390134,1.1406840813091226
4,1.0555477823824606,1.1141811208925303,0.5934454806938029,0.599267846247712,1.1410701237690077
5,1.0438398696611904,1.089601673494291,0.5789069990412272,0.6095005665475464,1.1360812258282231
6,1.0457336134040474,1.0935587902030854,0.5833173537871524,0.6049158894796479,1.134106103222668
7,1.0478651829532284,1.0980214416456027,0.5797611784188965,0.6107556872657544,1.1369055013562952
8,1.0483982223932773,1.0991388327173837,0.5816017014155219,0.6090405132138623,1.1382813692739706
9,1.0508894297417728,1.1043685935429886,0.5870406526741511,0.6027996652953072,1.1383623666810905
10,1.0565061691939812,1.1162052855449411,0.5860121330451155,0.6079596959765706,1.134902968681146
AVG,1.054343873214714,1.1116951573460405,0.5882122527269353,0.6039695091239898,1.13794348575712
,,,,,
,,Predicted 1,Predicted 2,Predicted 3,Predicted 4,Predicted 5
AVG,True 1,0.6978068319282223,0.11870245303828067,0.13882166561204895,0.03143739468264265,0.013231654738805353
,True 2,0.604227360036277,0.11140779644129274,0.18937702205903797,0.06600565583451658,0.028982165628875678
,True 3,0.37253632366135925,0.09758875996415158,0.23591734594297964,0.14467382675870288,0.1492837436728066
,True 4,0.10188938787069629,0.04426912651211717,0.1486183598333131,0.18000566411781363,0.5252174616660598
,True 5,0.018501069665661327,0.012284333329486368,0.0644092821229403,0.13257796119577064,0.7722273536861415
0,True 1,0.6981065918653576,0.12377279102384292,0.135343618513324,0.028050490883590462,0.014726507713884993
,True 2,0.6079005120702268,0.10534016093635698,0.19312362838332114,0.061448427212874905,0.03218727139722019
,True 3,0.3908831908831909,0.10427350427350428,0.22735042735042735,0.13247863247863248,0.145014245014245
,True 4,0.1054739652870494,0.040142412105028925,0.14890965732087227,0.1785491766800178,0.5269247886070316
,True 5,0.019192208536236037,0.011431993958490665,0.06593578292231973,0.13228822166089424,0.7711517929220594
1,True 1,0.691687127323746,0.1252192213258506,0.1417046650298141,0.02806032970887408,0.013328656611715188
,True 2,0.5950292397660819,0.09941520467836257,0.19371345029239767,0.08114035087719298,0.03070175438596491
,True 3,0.3715099715099715,0.09230769230769231,0.24074074074074073,0.14444444444444443,0.150997150997151
,True 4,0.10974632843791722,0.037828215398308856,0.14846461949265688,0.1802403204272363,0.5237205162438807
,True 5,0.01997343819171376,0.011249707038879196,0.06739407827921148,0.1362464519153147,0.7651363245748809
2,True 1,0.6878288319887759,0.12767450017537707,0.13679410733076114,0.03437390389337075,0.013328656611715188
,True 2,0.6169590643274854,0.10526315789473684,0.1922514619883041,0.06286549707602339,0.02266081871345029
,True 3,0.3592592592592593,0.10056980056980057,0.24757834757834757,0.1396011396011396,0.152991452991453
,True 4,0.10084557187360926,0.046283934134401426,0.14775255896751224,0.17970627503337783,0.5254116599910993
,True 5,0.0188276346970131,0.012447592510611703,0.06387854482956173,0.1412202807218562,0.7636259472409572
3,True 1,0.7039635215713784,0.11399508944230095,0.1346895826025956,0.03402314977200982,0.013328656611715188
,True 2,0.60453216374269,0.11769005847953216,0.1878654970760234,0.06505847953216375,0.024853801169590642
,True 3,0.38774928774928774,0.09715099715099715,0.22877492877492878,0.147008547008547,0.13931623931623932
,True 4,0.10031152647975078,0.041121495327102804,0.14285714285714285,0.17676902536715622,0.5389408099688473
,True 5,0.020129684122809303,0.012030936694356918,0.06614411083044712,0.1346058696388115,0.7670893987135752
4,True 1,0.6937916520519116,0.11153981059277447,0.14451069800070152,0.03332164152928797,0.01683619782532445
,True 2,0.5840643274853801,0.11695906432748537,0.19078947368421054,0.07456140350877193,0.033625730994152045
,True 3,0.37578347578347576,0.08974358974358974,0.23903133903133902,0.14786324786324787,0.1475783475783476
,True 4,0.10075656430796617,0.047797062750333776,0.15336003560302625,0.18086337338673789,0.5172229639519359
,True 5,0.01716101143199396,0.01268196140725502,0.06577953699122419,0.13960573943386892,0.764771750735658
5,True 1,0.7050157839354613,0.11118905647141354,0.1417046650298141,0.029463346194317782,0.012627148368993335
,True 2,0.6052631578947368,0.10964912280701754,0.19005847953216373,0.06652046783625731,0.02850877192982456
,True 3,0.3581196581196581,0.09971509971509972,0.2518518518518518,0.13817663817663817,0.15213675213675212
,True 4,0.09844236760124611,0.046639964396973745,0.15149087672452158,0.17757009345794392,0.5258566978193147
,True 5,0.017733913179344286,0.01197885471732507,0.06429520064581652,0.1267154501184865,0.7792765813390277
6,True 1,0.7229042441248684,0.10277095755875132,0.13153279551034724,0.029463346194317782,0.013328656611715188
,True 2,0.6067251461988304,0.10380116959064327,0.20614035087719298,0.05482456140350877,0.02850877192982456
,True 3,0.3695156695156695,0.10341880341880341,0.23133903133903133,0.14957264957264957,0.14615384615384616
,True 4,0.09897641299510458,0.04913217623497997,0.14285714285714285,0.18050734312416555,0.5285269247886071
,True 5,0.01692664253535064,0.014010051821567147,0.061873388713835575,0.13486627952397073,0.7723236374052759
7,True 1,0.692037881445107,0.12276394247632409,0.14100315678709224,0.03226937916520519,0.011925640126271484
,True 2,0.6206140350877193,0.10818713450292397,0.17690058479532164,0.06798245614035088,0.02631578947368421
,True 3,0.36524216524216524,0.10028490028490028,0.22934472934472935,0.15897435897435896,0.14615384615384616
,True 4,0.10271473075211393,0.04574988874054295,0.15149087672452158,0.18371161548731643,0.5163328882955052
,True 5,0.018228691961146844,0.011770526809197678,0.06393062680659357,0.12364261347360746,0.7824275409494544
8,True 1,0.6987022097509645,0.11820413889863206,0.14135391090845317,0.032970887407927044,0.008768853034023149
,True 2,0.5940014630577908,0.1163130943672275,0.19019751280175567,0.07388441843452817,0.025603511338697878
,True 3,0.3725434349188265,0.097977784107092,0.2312731415551125,0.14354884648248362,0.15465679293648532
,True 4,0.10057854917668002,0.046817979528259904,0.15291499777481085,0.17392078326657767,0.5257676902536715
,True 5,0.018151041666666666,0.012578125,0.06263020833333334,0.12486979166666666,0.7817708333333333
9,True 1,0.6889901823281908,0.12552594670406733,0.13744740532959326,0.033660589060308554,0.014375876577840112
,True 2,0.6093635698610095,0.11485003657644477,0.17922457937088515,0.06291148500365765,0.033650329188002925
,True 3,0.36894586894586895,0.09259259259259259,0.2341880341880342,0.14985754985754987,0.1544159544159544
,True 4,0.09826435246995995,0.041922563417890524,0.14917668001780152,0.1806853582554517,0.5299510458388963
,True 5,0.01825520833333333,0.012395833333333333,0.06338541666666667,0.135,0.7709635416666667
10,True 1,0.6928471248246845,0.12307152875175316,0.14095371669004209,0.030154277699859747,0.012973352033660589
,True 2,0.6020482809070958,0.12801755669348938,0.182882223847842,0.0548646671543526,0.03218727139722019
,True 3,0.3783475783475784,0.09544159544159544,0.2336182336182336,0.1398860398860399,0.1527065527065527
,True 4,0.10467289719626169,0.043524699599465956,0.14552736982643524,0.18753894080996886,0.5187360925678682
,True 5,0.018932291666666667,0.012552083333333333,0.06325520833333333,0.129296875,0.7759635416666667
,,Predicted 1,Predicted 2,Predicted 3,Predicted 4,Predicted 5
AVG,True 1,1989.6363636363637,338.45454545454544,395.8181818181818,89.63636363636364,37.72727272727273
,True 2,826.3636363636364,152.36363636363637,259.0,90.27272727272727,39.63636363636363
,True 3,1307.6363636363637,342.54545454545456,828.0909090909091,507.8181818181818,524.0
,True 4,1144.7272727272727,497.3636363636364,1669.7272727272727,2022.3636363636363,5900.818181818182
,True 5,710.4545454545455,471.72727272727275,2473.3636363636365,5091.090909090909,29654.090909090908
0,True 1,1991.0,353.0,386.0,80.0,42.0
,True 2,831.0,144.0,264.0,84.0,44.0
,True 3,1372.0,366.0,798.0,465.0,509.0
,True 4,1185.0,451.0,1673.0,2006.0,5920.0
,True 5,737.0,439.0,2532.0,5080.0,29613.0
1,True 1,1972.0,357.0,404.0,80.0,38.0
,True 2,814.0,136.0,265.0,111.0,42.0
,True 3,1304.0,324.0,845.0,507.0,530.0
,True 4,1233.0,425.0,1668.0,2025.0,5884.0
,True 5,767.0,432.0,2588.0,5232.0,29382.0
2,True 1,1961.0,364.0,390.0,98.0,38.0
,True 2,844.0,144.0,263.0,86.0,31.0
,True 3,1261.0,353.0,869.0,490.0,537.0
,True 4,1133.0,520.0,1660.0,2019.0,5903.0
,True 5,723.0,478.0,2453.0,5423.0,29324.0
3,True 1,2007.0,325.0,384.0,97.0,38.0
,True 2,827.0,161.0,257.0,89.0,34.0
,True 3,1361.0,341.0,803.0,516.0,489.0
,True 4,1127.0,462.0,1605.0,1986.0,6055.0
,True 5,773.0,462.0,2540.0,5169.0,29457.0
4,True 1,1978.0,318.0,412.0,95.0,48.0
,True 2,799.0,160.0,261.0,102.0,46.0
,True 3,1319.0,315.0,839.0,519.0,518.0
,True 4,1132.0,537.0,1723.0,2032.0,5811.0
,True 5,659.0,487.0,2526.0,5361.0,29368.0
5,True 1,2010.0,317.0,404.0,84.0,36.0
,True 2,828.0,150.0,260.0,91.0,39.0
,True 3,1257.0,350.0,884.0,485.0,534.0
,True 4,1106.0,524.0,1702.0,1995.0,5908.0
,True 5,681.0,460.0,2469.0,4866.0,29925.0
6,True 1,2061.0,293.0,375.0,84.0,38.0
,True 2,830.0,142.0,282.0,75.0,39.0
,True 3,1297.0,363.0,812.0,525.0,513.0
,True 4,1112.0,552.0,1605.0,2028.0,5938.0
,True 5,650.0,538.0,2376.0,5179.0,29658.0
7,True 1,1973.0,350.0,402.0,92.0,34.0
,True 2,849.0,148.0,242.0,93.0,36.0
,True 3,1282.0,352.0,805.0,558.0,513.0
,True 4,1154.0,514.0,1702.0,2064.0,5801.0
,True 5,700.0,452.0,2455.0,4748.0,30046.0
8,True 1,1992.0,337.0,403.0,94.0,25.0
,True 2,812.0,159.0,260.0,101.0,35.0
,True 3,1308.0,344.0,812.0,504.0,543.0
,True 4,1130.0,526.0,1718.0,1954.0,5907.0
,True 5,697.0,483.0,2405.0,4795.0,30020.0
9,True 1,1965.0,358.0,392.0,96.0,41.0
,True 2,833.0,157.0,245.0,86.0,46.0
,True 3,1295.0,325.0,822.0,526.0,542.0
,True 4,1104.0,471.0,1676.0,2030.0,5954.0
,True 5,701.0,476.0,2434.0,5184.0,29605.0
10,True 1,1976.0,351.0,402.0,86.0,37.0
,True 2,823.0,175.0,250.0,75.0,44.0
,True 3,1328.0,335.0,820.0,491.0,536.0
,True 4,1176.0,489.0,1635.0,2107.0,5828.0
,True 5,727.0,482.0,2429.0,4965.0,29797.0
