,Rounded RMSE,Rounded MSE,Rounded MAE,Accuracy,Log Loss
0,0.823169665222502,0.677608297742526,0.43557918591475636,0.6530288503442866,0.8759644174658571
1,0.8173572454750645,0.6680728667305849,0.4327725965309858,0.6540399198117319,0.8786280284786927
2,0.8191255198535461,0.6709666172753421,0.4350387867166391,0.652052645341236,0.8754444070200265
3,0.8279944612476022,0.6855748278567071,0.43761875708184433,0.6532380371306545,0.8770292409816922
4,0.8204651598527545,0.673163078532206,0.43388825939161507,0.6543188355268892,0.8728717981251544
5,0.8228095781210963,0.6770156018478166,0.43387082715941777,0.6549463958859932,0.8753150406280092
6,0.8190829557172783,0.6708968883465528,0.4324588163514338,0.6553124727621372,0.8753083294990625
7,0.8205288976784365,0.67326767192539,0.43095964438246315,0.6571428571428571,0.8748152338662931
8,0.8236320229479291,0.678369709225298,0.4315249982567464,0.6589324314901331,0.8711109982472969
9,0.8275173004262248,0.6847848825047068,0.43755665574227737,0.6524998256746392,0.8763615650501786
10,0.8247318915733612,0.6801826929781745,0.43351230737047625,0.6564918764381842,0.874699859084355
AVG,0.822401336192345,0.6763548304513913,0.4340709849907869,0.6547276497771585,0.8752317198587835
,,,,,
,,Predicted 1,Predicted 2,Predicted 3,Predicted 4,Predicted 5
AVG,True 1,0.8275416268399219,0.0058984316599444385,0.13703584055968962,0.011159195636677765,0.018364905303766346
,True 2,0.48577918133321824,0.014025783185102477,0.4481478337838789,0.032969843975503704,0.019077357722296698
,True 3,0.15632852858714436,0.004765508866904481,0.580559939232682,0.18580201300224086,0.07254401031102825
,True 4,0.025666545292713516,0.00039648824695553677,0.2127280818869604,0.4283853218432658,0.33282356273010477
,True 5,0.011720899059703306,4.498019750511548e-05,0.0428874473089203,0.2076309856173845,0.7377156878164868
0,True 1,0.82328190743338,0.006311360448807854,0.1402524544179523,0.011921458625525946,0.0182328190743338
,True 2,0.49743964886613024,0.008046817849305048,0.4403803950256035,0.030724213606437453,0.023408924652523776
,True 3,0.16552706552706553,0.002564102564102564,0.5811965811965812,0.17977207977207976,0.07094017094017094
,True 4,0.025456163773920782,0.0006230529595015577,0.21157098353360035,0.43213173119715176,0.3302180685358255
,True 5,0.011718444832165829,2.6040988515924066e-05,0.04145725371735111,0.21226009739329704,0.73453816306867
1,True 1,0.8351455629603648,0.006313574184496668,0.12592072956857242,0.011224131883549631,0.021396001403016486
,True 2,0.46271929824561403,0.01608187134502924,0.4678362573099415,0.033625730994152045,0.019736842105263157
,True 3,0.15754985754985754,0.004273504273504274,0.5809116809116809,0.18376068376068377,0.0735042735042735
,True 4,0.024744103248776145,0.00035603026257231867,0.21246105919003117,0.42492211838006233,0.33751668891855807
,True 5,0.01083305122262441,2.6040988515924066e-05,0.04304575401682248,0.2090570558058384,0.7370380979661988
2,True 1,0.8225184145913714,0.00526131182041389,0.14486145212206245,0.011224131883549631,0.016134689582602595
,True 2,0.47514619883040937,0.013157894736842105,0.4619883040935672,0.03435672514619883,0.015350877192982455
,True 3,0.147008547008547,0.003418803418803419,0.5826210826210826,0.1905982905982906,0.07635327635327635
,True 4,0.024833110814419225,0.0004450378282153983,0.21344014241210502,0.41753449043168667,0.34374721851357365
,True 5,0.01127574802739512,5.208197703184813e-05,0.04275930314314731,0.20879664592067915,0.7371162209317466
3,True 1,0.8228691687127324,0.008418098912662224,0.13924938618028762,0.009470361276745002,0.01999298491757278
,True 2,0.47076023391812866,0.013888888888888888,0.4619883040935672,0.029970760233918127,0.023391812865497075
,True 3,0.16638176638176638,0.004273504273504274,0.5754985754985755,0.18376068376068377,0.07008547008547009
,True 4,0.02563417890520694,0.00017801513128615933,0.20445037828215398,0.4415665331553182,0.3281708945260347
,True 5,0.01197885471732507,5.208197703184813e-05,0.04408739355745944,0.21142678576078747,0.7324548839873961
4,True 1,0.8214661522272887,0.004209049456331112,0.14275692739389687,0.012627148368993335,0.018940722553490004
,True 2,0.483187134502924,0.012426900584795321,0.45321637426900585,0.03070175438596491,0.02046783625730994
,True 3,0.149002849002849,0.0065527065527065526,0.5831908831908832,0.1866096866096866,0.07464387464387465
,True 4,0.0262572318647085,0.0006230529595015577,0.21566533155318202,0.42866043613707167,0.32879394748553625
,True 5,0.011119502096299576,2.6040988515924066e-05,0.04312387698237025,0.2084320720814562,0.7372985078513581
5,True 1,0.8284812346545072,0.008067344791301298,0.13433882848123466,0.013328656611715188,0.01578393546124167
,True 2,0.483187134502924,0.009502923976608187,0.45687134502923976,0.04093567251461988,0.009502923976608187
,True 3,0.1472934472934473,0.0062678062678062675,0.5834757834757834,0.18746438746438746,0.0754985754985755
,True 4,0.027770360480640854,0.0004450378282153983,0.2091677792612372,0.4358700489541611,0.32674677347574543
,True 5,0.011952813728809146,0.00010416395406369626,0.04226452436134476,0.20999453139241164,0.7356839665633708
6,True 1,0.8333917923535602,0.004209049456331112,0.13398807435987373,0.010171869519466853,0.01823921431076815
,True 2,0.48757309941520466,0.013888888888888888,0.4451754385964912,0.027046783625730993,0.02631578947368421
,True 3,0.1623931623931624,0.005413105413105413,0.5732193732193732,0.1883190883190883,0.07065527065527065
,True 4,0.02403204272363151,0.00035603026257231867,0.21557632398753895,0.4274143302180685,0.3326212728081887
,True 5,0.011379911981458816,5.208197703184813e-05,0.04304575401682248,0.20640087497721413,0.7391213770474727
7,True 1,0.8333917923535602,0.006313574184496668,0.13118204138898631,0.010171869519466853,0.018940722553490004
,True 2,0.4758771929824561,0.015350877192982455,0.45394736842105265,0.035818713450292396,0.019005847953216373
,True 3,0.14245014245014245,0.003703703703703704,0.5854700854700855,0.19829059829059828,0.07008547008547009
,True 4,0.02652425456163774,0.00035603026257231867,0.21895861148197596,0.42901646639964397,0.32514463729417
,True 5,0.01197885471732507,2.6040988515924066e-05,0.04247285226947215,0.2053071534595453,0.7402150985651416
8,True 1,0.8386531041739741,0.0028060329708874078,0.13609259908803928,0.008067344791301298,0.014380918975797966
,True 2,0.49743964886613024,0.016093635698610095,0.4367227505486467,0.029992684711046085,0.019751280175566936
,True 3,0.15551125035602392,0.00370264881800057,0.580746226146397,0.18427798348048988,0.07576189119908858
,True 4,0.02679127725856698,0.00017801513128615933,0.2153093012906097,0.42527814864263463,0.3324432576769025
,True 5,0.012291666666666666,2.604166666666667e-05,0.044348958333333334,0.19934895833333333,0.743984375
9,True 1,0.8267882187938289,0.005960729312762973,0.13394109396914447,0.012272089761570827,0.021037868162692847
,True 2,0.4893928310168252,0.023408924652523776,0.4352596927578639,0.033650329188002925,0.018288222384784197
,True 3,0.16096866096866097,0.0062678062678062675,0.5783475783475783,0.18062678062678061,0.0737891737891738
,True 4,0.024477080551846907,0.000267022696929239,0.20329327992879395,0.434623943035158,0.3373386737872719
,True 5,0.012213541666666666,7.8125e-05,0.042916666666666665,0.21231770833333333,0.7324739583333333
10,True 1,0.8169705469845723,0.0070126227208976155,0.14481065918653577,0.012272089761570827,0.018934081346423562
,True 2,0.520848573518654,0.012435991221653255,0.4162399414776884,0.03584491587417703,0.014630577907827359
,True 3,0.16552706552706553,0.005982905982905983,0.5814814814814815,0.18034188034188034,0.06666666666666667
,True 4,0.0258121940364931,0.000534045393858478,0.22011570983533602,0.4152202937249666,0.3383177570093458
,True 5,0.0121875,2.604166666666667e-05,0.04223958333333333,0.20059895833333333,0.7449479166666667
,,Predicted 1,Predicted 2,Predicted 3,Predicted 4,Predicted 5
AVG,True 1,2359.5454545454545,16.818181818181817,390.72727272727275,31.818181818181817,52.36363636363637
,True 2,664.3636363636364,19.181818181818183,612.9090909090909,45.09090909090909,26.09090909090909
,True 3,548.7272727272727,16.727272727272727,2037.8181818181818,652.1818181818181,254.63636363636363
,True 4,288.3636363636364,4.454545454545454,2390.0,4812.909090909091,3739.2727272727275
,True 5,450.09090909090907,1.7272727272727273,1646.909090909091,7973.181818181818,28328.81818181818
0,True 1,2348.0,18.0,400.0,34.0,52.0
,True 2,680.0,11.0,602.0,42.0,32.0
,True 3,581.0,9.0,2040.0,631.0,249.0
,True 4,286.0,7.0,2377.0,4855.0,3710.0
,True 5,450.0,1.0,1592.0,8151.0,28207.0
1,True 1,2381.0,18.0,359.0,32.0,61.0
,True 2,633.0,22.0,640.0,46.0,27.0
,True 3,553.0,15.0,2039.0,645.0,258.0
,True 4,278.0,4.0,2387.0,4774.0,3792.0
,True 5,416.0,1.0,1653.0,8028.0,28303.0
2,True 1,2345.0,15.0,413.0,32.0,46.0
,True 2,650.0,18.0,632.0,47.0,21.0
,True 3,516.0,12.0,2045.0,669.0,268.0
,True 4,279.0,5.0,2398.0,4691.0,3862.0
,True 5,433.0,2.0,1642.0,8018.0,28306.0
3,True 1,2346.0,24.0,397.0,27.0,57.0
,True 2,644.0,19.0,632.0,41.0,32.0
,True 3,584.0,15.0,2020.0,645.0,246.0
,True 4,288.0,2.0,2297.0,4961.0,3687.0
,True 5,460.0,2.0,1693.0,8119.0,28127.0
4,True 1,2342.0,12.0,407.0,36.0,54.0
,True 2,661.0,17.0,620.0,42.0,28.0
,True 3,523.0,23.0,2047.0,655.0,262.0
,True 4,295.0,7.0,2423.0,4816.0,3694.0
,True 5,427.0,1.0,1656.0,8004.0,28313.0
5,True 1,2362.0,23.0,383.0,38.0,45.0
,True 2,661.0,13.0,625.0,56.0,13.0
,True 3,517.0,22.0,2048.0,658.0,265.0
,True 4,312.0,5.0,2350.0,4897.0,3671.0
,True 5,459.0,4.0,1623.0,8064.0,28251.0
6,True 1,2376.0,12.0,382.0,29.0,52.0
,True 2,667.0,19.0,609.0,37.0,36.0
,True 3,570.0,19.0,2012.0,661.0,248.0
,True 4,270.0,4.0,2422.0,4802.0,3737.0
,True 5,437.0,2.0,1653.0,7926.0,28383.0
7,True 1,2376.0,18.0,374.0,29.0,54.0
,True 2,651.0,21.0,621.0,49.0,26.0
,True 3,500.0,13.0,2055.0,696.0,246.0
,True 4,298.0,4.0,2460.0,4820.0,3653.0
,True 5,460.0,1.0,1631.0,7884.0,28425.0
8,True 1,2391.0,8.0,388.0,23.0,41.0
,True 2,680.0,22.0,597.0,41.0,27.0
,True 3,546.0,13.0,2039.0,647.0,266.0
,True 4,301.0,2.0,2419.0,4778.0,3735.0
,True 5,472.0,1.0,1703.0,7655.0,28569.0
9,True 1,2358.0,17.0,382.0,35.0,60.0
,True 2,669.0,32.0,595.0,46.0,25.0
,True 3,565.0,22.0,2030.0,634.0,259.0
,True 4,275.0,3.0,2284.0,4883.0,3790.0
,True 5,469.0,3.0,1648.0,8153.0,28127.0
10,True 1,2330.0,20.0,413.0,35.0,54.0
,True 2,712.0,17.0,569.0,49.0,20.0
,True 3,581.0,21.0,2041.0,633.0,234.0
,True 4,290.0,6.0,2473.0,4665.0,3801.0
,True 5,468.0,1.0,1622.0,7703.0,28606.0
