,Rounded RMSE,Rounded MSE,Rounded MAE,Accuracy,Log Loss
0,0.7354385551401604,0.5408698683866469,0.33164821755425783,0.7430140329469188,0.655350454309814
1,0.7325529577871452,0.536633835962695,0.3323280746099538,0.741392835352567,0.6597800526561949
2,0.7390326562301804,0.5461692669746361,0.3348906127429617,0.7403643336529243,0.6606606038739951
3,0.7382184249617589,0.5449664429530201,0.335744792120631,0.739457857578663,0.6572643891103362
4,0.7383364851305897,0.5451407652749934,0.3327115837182951,0.7429966007147215,0.6558905246734686
5,0.7387849417107065,0.5458031900984921,0.3347685871175804,0.7401202824021615,0.6591202512871219
6,0.7396456875078076,0.5470757430488974,0.3349603416717511,0.7405735204392923,0.6564708063407338
7,0.7384781324192081,0.5453499520613615,0.3337575176501351,0.7414276998169615,0.6562163559849599
8,0.7368421380310821,0.5429363363782163,0.33336238756014225,0.7413708946377519,0.6553510610416422
9,0.7403470804937136,0.5481137995955652,0.33714524789066314,0.7384945261836692,0.6602415926006893
10,0.7409590349486288,0.5490202914720034,0.3343211770448365,0.7417021128233735,0.6562762172942516
AVG,0.7380578267600892,0.5447344992915025,0.3341489581528371,0.7409922451408186,0.6575111190157461
,,,,,
,,Predicted 1,Predicted 2,Predicted 3,Predicted 4,Predicted 5
AVG,True 1,0.7678870626289975,0.0028695045744500103,0.09252614656638637,0.02968370233922096,0.10703358389094504
,True 2,0.42655222381284064,0.005783103432585587,0.29373515114958154,0.12283973411394195,0.15108978749105037
,True 3,0.12063909697062646,0.0018647649806863705,0.2537879433350809,0.30089862245943133,0.32280957225417495
,True 4,0.014103653355989804,0.0001213739531496541,0.037091880082534286,0.23540073633531577,0.7132823562730105
,True 5,0.00316045402907358,7.1020877770702e-06,0.0036741739310174213,0.0355225278470889,0.9576357421050431
0,True 1,0.761921458625526,0.0024544179523141654,0.10063113604488079,0.029803646563814866,0.10518934081346423
,True 2,0.4286759326993416,0.002926115581565472,0.2852962692026335,0.12143379663496708,0.1616678858814923
,True 3,0.1321937321937322,0.0005698005698005698,0.2712250712250712,0.2923076923076923,0.3037037037037037
,True 4,0.013529149977748109,8.900756564307967e-05,0.03702714730752114,0.24014241210502893,0.7092122830440587
,True 5,0.0031249186219108878,0.0,0.00320304158745866,0.03546782635868857,0.9582042134319418
1,True 1,0.7762188705717292,0.003156787092248334,0.08944230094703613,0.031217116801122415,0.09996492458786391
,True 2,0.4100877192982456,0.007309941520467836,0.2982456140350877,0.12646198830409358,0.15789473684210525
,True 3,0.1188034188034188,0.0014245014245014246,0.2566951566951567,0.28974358974358977,0.3333333333333333
,True 4,0.014063195371606586,0.0,0.040142412105028925,0.2345349354695149,0.7112594570538496
,True 5,0.0027082628056561025,2.6040988515924066e-05,0.0030988776333949635,0.036613629853389236,0.9575531887190438
2,True 1,0.7600841809891267,0.003156787092248334,0.0943528586460891,0.0336723956506489,0.10873377762188706
,True 2,0.4203216374269006,0.006578947368421052,0.3084795321637427,0.13230994152046785,0.13230994152046785
,True 3,0.1094017094017094,0.0017094017094017094,0.252991452991453,0.3005698005698006,0.3353276353276353
,True 4,0.013796172674677348,0.0,0.035425011125945705,0.23480195816644414,0.7159768580329328
,True 5,0.003307205541522356,0.0,0.0034113694955860523,0.03578031822087967,0.9575011067420119
3,True 1,0.7692037881445107,0.003156787092248334,0.09154682567520168,0.030164854437039635,0.10592774465099965
,True 2,0.4108187134502924,0.006578947368421052,0.2953216374269006,0.12426900584795321,0.16301169590643275
,True 3,0.12307692307692308,0.0017094017094017094,0.25783475783475784,0.2985754985754986,0.3188034188034188
,True 4,0.014508233199821984,8.900756564307967e-05,0.03426791277258567,0.23426791277258566,0.7168669336893636
,True 5,0.0026822218171401787,0.0,0.004479050024738939,0.0376552693940262,0.9551834587640947
4,True 1,0.7572781480182392,0.00350754121360926,0.09645738337425465,0.03156787092248334,0.11118905647141354
,True 2,0.4239766081871345,0.005116959064327485,0.28654970760233917,0.12207602339181287,0.16228070175438597
,True 3,0.11339031339031339,0.0031339031339031338,0.2621082621082621,0.2951566951566952,0.3262108262108262
,True 4,0.015220293724966623,0.000267022696929239,0.04138851802403204,0.23133066310636405,0.711793502447708
,True 5,0.0027343037941720267,2.6040988515924066e-05,0.003150959610426812,0.03221270279419807,0.9618759928126872
5,True 1,0.767450017537706,0.004209049456331112,0.08874079270431427,0.028761837951595932,0.11083830235005261
,True 2,0.4276315789473684,0.003654970760233918,0.2916666666666667,0.12792397660818713,0.14912280701754385
,True 3,0.11168091168091168,0.002279202279202279,0.24643874643874644,0.31794871794871793,0.32165242165242164
,True 4,0.014686248331108143,0.00017801513128615933,0.03711615487316422,0.23204272363150868,0.7159768580329328
,True 5,0.0030988776333949635,2.6040988515924066e-05,0.0035415744381656726,0.03523345746204526,0.9581000494778782
6,True 1,0.7709575587513153,0.002104524728165556,0.09084531743247984,0.025955804980708524,0.11013679410733077
,True 2,0.4247076023391813,0.003654970760233918,0.31359649122807015,0.10891812865497076,0.14912280701754385
,True 3,0.12535612535612536,0.0019943019943019944,0.24871794871794872,0.2934472934472934,0.33048433048433046
,True 4,0.013618157543391188,8.900756564307967e-05,0.038985313751668894,0.23489096573208723,0.7124165554072096
,True 5,0.003281164553006432,0.0,0.003697820369261217,0.035545949324236346,0.9574750657534961
7,True 1,0.7699052963872326,0.0014030164854437039,0.0933005962820063,0.02806032970887408,0.10733076113644335
,True 2,0.4166666666666667,0.006578947368421052,0.31067251461988304,0.11695906432748537,0.14912280701754385
,True 3,0.11310541310541311,0.0011396011396011395,0.250997150997151,0.31965811965811963,0.31509971509971507
,True 4,0.015665331553182022,8.900756564307967e-05,0.03462394303515799,0.24129951045838896,0.708322207387628
,True 5,0.003281164553006432,0.0,0.004348845082159319,0.035728236243847813,0.9566417541209864
8,True 1,0.781830936513504,0.0014030164854437039,0.08558400561206594,0.027709575587513153,0.10347246580147317
,True 2,0.43306510607168985,0.008046817849305048,0.2867593269934162,0.13606437454279444,0.13606437454279444
,True 3,0.12446596411278837,0.0014240956992309882,0.24750783252634578,0.3041868413557391,0.32241526630589573
,True 4,0.014775255896751225,8.900756564307967e-05,0.03391188251001335,0.23471295060080108,0.7165109034267912
,True 5,0.0035416666666666665,0.0,0.0034375,0.03515625,0.9578645833333334
9,True 1,0.770687237026648,0.003155680224403927,0.09396914446002805,0.02769985974754558,0.10448807854137447
,True 2,0.4352596927578639,0.006583760058522311,0.288222384784199,0.12289685442574981,0.14703730797366496
,True 3,0.12621082621082622,0.002849002849002849,0.23732193732193732,0.2985754985754986,0.335042735042735
,True 4,0.011303960836671118,8.900756564307967e-05,0.035425011125945705,0.22946150422785938,0.7237205162438808
,True 5,0.0035677083333333333,0.0,0.004270833333333333,0.03526041666666667,0.9569010416666667
10,True 1,0.7612201963534362,0.0038569424964936885,0.09291725105189341,0.03190743338008415,0.11009817671809256
,True 2,0.46086320409656184,0.006583760058522311,0.26627651792245793,0.1119239209948793,0.15435259692757863
,True 3,0.12934472934472935,0.002279202279202279,0.25982905982905985,0.29971509971509974,0.3088319088319088
,True 4,0.013974187805963507,0.00035603026257231867,0.03969737427681353,0.2419225634178905,0.7040498442367601
,True 5,0.0034375,0.0,0.0037760416666666667,0.03609375,0.9566927083333333
,,Predicted 1,Predicted 2,Predicted 3,Predicted 4,Predicted 5
AVG,True 1,2189.4545454545455,8.181818181818182,263.8181818181818,84.63636363636364,305.1818181818182
,True 2,583.3636363636364,7.909090909090909,401.72727272727275,168.0,206.63636363636363
,True 3,423.45454545454544,6.545454545454546,890.8181818181819,1056.1818181818182,1133.090909090909
,True 4,158.45454545454547,1.3636363636363635,416.72727272727275,2644.7272727272725,8013.727272727273
,True 5,121.36363636363636,0.2727272727272727,141.0909090909091,1364.090909090909,36773.90909090909
0,True 1,2173.0,7.0,287.0,85.0,300.0
,True 2,586.0,4.0,390.0,166.0,221.0
,True 3,464.0,2.0,952.0,1026.0,1066.0
,True 4,152.0,1.0,416.0,2698.0,7968.0
,True 5,120.0,0.0,123.0,1362.0,36796.0
1,True 1,2213.0,9.0,255.0,89.0,285.0
,True 2,561.0,10.0,408.0,173.0,216.0
,True 3,417.0,5.0,901.0,1017.0,1170.0
,True 4,158.0,0.0,451.0,2635.0,7991.0
,True 5,104.0,1.0,119.0,1406.0,36771.0
2,True 1,2167.0,9.0,269.0,96.0,310.0
,True 2,575.0,9.0,422.0,181.0,181.0
,True 3,384.0,6.0,888.0,1055.0,1177.0
,True 4,155.0,0.0,398.0,2638.0,8044.0
,True 5,127.0,0.0,131.0,1374.0,36769.0
3,True 1,2193.0,9.0,261.0,86.0,302.0
,True 2,562.0,9.0,404.0,170.0,223.0
,True 3,432.0,6.0,905.0,1048.0,1119.0
,True 4,163.0,1.0,385.0,2632.0,8054.0
,True 5,103.0,0.0,172.0,1446.0,36680.0
4,True 1,2159.0,10.0,275.0,90.0,317.0
,True 2,580.0,7.0,392.0,167.0,222.0
,True 3,398.0,11.0,920.0,1036.0,1145.0
,True 4,171.0,3.0,465.0,2599.0,7997.0
,True 5,105.0,1.0,121.0,1237.0,36937.0
5,True 1,2188.0,12.0,253.0,82.0,316.0
,True 2,585.0,5.0,399.0,175.0,204.0
,True 3,392.0,8.0,865.0,1116.0,1129.0
,True 4,165.0,2.0,417.0,2607.0,8044.0
,True 5,119.0,1.0,136.0,1353.0,36792.0
6,True 1,2198.0,6.0,259.0,74.0,314.0
,True 2,581.0,5.0,429.0,149.0,204.0
,True 3,440.0,7.0,873.0,1030.0,1160.0
,True 4,153.0,1.0,438.0,2639.0,8004.0
,True 5,126.0,0.0,142.0,1365.0,36768.0
7,True 1,2195.0,4.0,266.0,80.0,306.0
,True 2,570.0,9.0,425.0,160.0,204.0
,True 3,397.0,4.0,881.0,1122.0,1106.0
,True 4,176.0,1.0,389.0,2711.0,7958.0
,True 5,126.0,0.0,167.0,1372.0,36736.0
8,True 1,2229.0,4.0,244.0,79.0,295.0
,True 2,592.0,11.0,392.0,186.0,186.0
,True 3,437.0,5.0,869.0,1068.0,1132.0
,True 4,166.0,1.0,381.0,2637.0,8050.0
,True 5,136.0,0.0,132.0,1350.0,36782.0
9,True 1,2198.0,9.0,268.0,79.0,298.0
,True 2,595.0,9.0,394.0,168.0,201.0
,True 3,443.0,10.0,833.0,1048.0,1176.0
,True 4,127.0,1.0,398.0,2578.0,8131.0
,True 5,137.0,0.0,164.0,1354.0,36745.0
10,True 1,2171.0,11.0,265.0,91.0,314.0
,True 2,630.0,9.0,364.0,153.0,211.0
,True 3,454.0,8.0,912.0,1052.0,1084.0
,True 4,157.0,4.0,446.0,2718.0,7910.0
,True 5,132.0,0.0,145.0,1386.0,36737.0
