,Rounded RMSE,Rounded MSE,Rounded MAE,Accuracy,Log Loss
0,0.8655446903034975,0.7491676109125773,0.45867689357622243,0.6440338185304628,0.9377477381348851
1,0.8624678429323558,0.7438507800923908,0.4597402597402597,0.6418024928092042,0.9410102408996172
2,0.8629729959287588,0.7447223917022575,0.462320230105465,0.6395014381591563,0.9446228847136632
3,0.8706352580941259,0.7580057526366252,0.463261570644121,0.6406693977163775,0.9408921094871189
4,0.8711656908666019,0.7589296609430838,0.46456898805892094,0.6393445480693802,0.9405212692042364
5,0.8620837286881664,0.7431883552688922,0.45688137365989717,0.6448008367471455,0.9393066320971621
6,0.8610315924055107,0.7413754031203695,0.4570208315174758,0.6438071995118975,0.938843770845501
7,0.8598869465703448,0.739405560882071,0.45832824893227575,0.6419245184345855,0.9412343105361768
8,0.859853894828564,0.7393487204518513,0.4551635171884806,0.6457882992817795,0.9345911192061389
9,0.8635459432612743,0.745711596123004,0.4592252980963671,0.6427027403946726,0.9401253816286492
10,0.8702623341429971,0.7573565302280175,0.4610731469214141,0.6432431490133185,0.9386651264813264
AVG,0.864495538002018,0.7473693056691946,0.4596600325855364,0.6425107671516345,0.9397782348394977
,,,,,
,,Predicted 1,Predicted 2,Predicted 3,Predicted 4,Predicted 5
AVG,True 1,0.7500002795120818,0.15661281087501464,0.061726732620486585,0.011095388618616857,0.02056478837380005
,True 2,0.37942436920702804,0.34997401147345325,0.213901469941396,0.03330201681855322,0.023398132559569438
,True 3,0.12131277796330488,0.2174247422040074,0.3943696692771031,0.18240919813121464,0.08448361242437004
,True 4,0.02513249989885504,0.039745923858073386,0.17960917587085812,0.40904640530808756,0.34646599506412595
,True 5,0.013948600082325036,0.006832258069845878,0.0383065625929683,0.20497716771254773,0.735935411542313
0,True 1,0.7457924263674615,0.1584852734922861,0.06311360448807854,0.010518934081346423,0.02208976157082749
,True 2,0.4001463057790783,0.34308705193855155,0.19531821506949523,0.03291880029261156,0.02852962692026335
,True 3,0.12991452991452992,0.22962962962962963,0.38974358974358975,0.16695156695156696,0.08376068376068375
,True 4,0.02412105028927459,0.03960836671117045,0.18175344904316867,0.4013351134846462,0.3531820204717401
,True 5,0.014530871591885628,0.006171714278274004,0.03788963829066951,0.1999687508137809,0.7414390250253899
1,True 1,0.7506138197123816,0.16029463346194317,0.057172921781830935,0.010873377762188706,0.02104524728165556
,True 2,0.3618421052631579,0.3347953216374269,0.24415204678362573,0.0402046783625731,0.019005847953216373
,True 3,0.1267806267806268,0.2056980056980057,0.39914529914529917,0.18091168091168092,0.08746438746438746
,True 4,0.024477080551846907,0.040320427236315085,0.1789942145082332,0.40596350689808636,0.35024477080551847
,True 5,0.013697559959376058,0.006093591312726231,0.03937397463607718,0.20499466159735424,0.7358402124944663
2,True 1,0.7478077867414942,0.14942125569975448,0.07330761136443353,0.012977902490354262,0.016485443703963522
,True 2,0.36330409356725146,0.36257309941520466,0.22076023391812866,0.035818713450292396,0.017543859649122806
,True 3,0.12051282051282051,0.20484330484330485,0.4014245014245014,0.18376068376068377,0.08945868945868946
,True 4,0.025011125945705384,0.041566533155318205,0.17757009345794392,0.405607476635514,0.35024477080551847
,True 5,0.013072576234993881,0.007031066899299498,0.03926981068201349,0.20910913778287024,0.7315174084008229
3,True 1,0.7548228691687128,0.16204840406874782,0.052963872325499824,0.009821115398105928,0.020343739038933707
,True 2,0.37353801169590645,0.3333333333333333,0.23538011695906433,0.03216374269005848,0.025584795321637425
,True 3,0.12706552706552707,0.21623931623931625,0.39173789173789175,0.1794871794871795,0.08547008547008547
,True 4,0.024388072986203827,0.0363150867823765,0.17917222963951937,0.4152202937249666,0.3449043168669337
,True 5,0.014817322465560792,0.007135230853363194,0.039321892659045336,0.20686961277050075,0.7318559412515299
4,True 1,0.7390389337074711,0.16310066643283058,0.06488951245177131,0.011925640126271484,0.02104524728165556
,True 2,0.37280701754385964,0.35599415204678364,0.2134502923976608,0.031432748538011694,0.02631578947368421
,True 3,0.1150997150997151,0.22421652421652422,0.39145299145299145,0.1886039886039886,0.08062678062678062
,True 4,0.026168224299065422,0.04396973742768135,0.1781041388518024,0.41068090787716954,0.3410769915442813
,True 5,0.01447878961485378,0.007031066899299498,0.03739485950886696,0.2094997526106091,0.7315955313663707
5,True 1,0.753419852683269,0.15327955103472465,0.0620834794808839,0.011925640126271484,0.01929147667485093
,True 2,0.3888888888888889,0.3362573099415205,0.2236842105263158,0.033625730994152045,0.017543859649122806
,True 3,0.11566951566951567,0.22022792022792023,0.394017094017094,0.1868945868945869,0.08319088319088319
,True 4,0.027058299955496218,0.03925233644859813,0.17961726746773476,0.4113929684023142,0.3426791277258567
,True 5,0.013593396005312362,0.007447722715554283,0.03760318741699435,0.20241660373427775,0.7389390901278613
6,True 1,0.7516660820764643,0.15503332164152928,0.0620834794808839,0.009470361276745002,0.021746755524377413
,True 2,0.3742690058479532,0.35964912280701755,0.20833333333333334,0.02850877192982456,0.029239766081871343
,True 3,0.11965811965811966,0.22421652421652422,0.3891737891737892,0.18575498575498575,0.0811965811965812
,True 4,0.02590120160213618,0.03702714730752114,0.18193146417445483,0.4026702269692924,0.35246995994659547
,True 5,0.013593396005312362,0.0068227389911721045,0.03788963829066951,0.20194786594099112,0.7397463607718548
7,True 1,0.7607856892318485,0.146965976850228,0.06243423360224483,0.010171869519466853,0.019642230796211857
,True 2,0.3611111111111111,0.358187134502924,0.21783625730994152,0.035818713450292396,0.027046783625730993
,True 3,0.1094017094017094,0.21082621082621084,0.4031339031339031,0.19829059829059828,0.07834757834757834
,True 4,0.02394303515798843,0.04138851802403204,0.1842456608811749,0.415665331553182,0.3347574543836226
,True 5,0.013541314028280514,0.006458165151949168,0.03921772870498164,0.20955183458764096,0.7312309575271477
8,True 1,0.7506138197123816,0.16695896176780078,0.05612065941774816,0.0073658365485794455,0.018940722553490004
,True 2,0.38917337234820776,0.3562545720555962,0.19970738844184346,0.03218727139722019,0.02267739575713241
,True 3,0.11364283679863287,0.2307035032754201,0.38706921105098263,0.18086015380233553,0.08772429507262888
,True 4,0.024388072986203827,0.04058744993324433,0.17881619937694704,0.41068090787716954,0.3455273698264352
,True 5,0.013854166666666667,0.0071875,0.038072916666666665,0.20013020833333334,0.7407552083333333
9,True 1,0.7531556802244039,0.15042075736325386,0.06030855539971949,0.011921458625525946,0.024193548387096774
,True 2,0.37527432333577176,0.35552304316020483,0.21287490855888808,0.033650329188002925,0.02267739575713241
,True 3,0.12706552706552707,0.20797720797720798,0.3925925925925926,0.1829059829059829,0.08945868945868946
,True 4,0.025011125945705384,0.03791722296395193,0.16991544281263907,0.4174454828660436,0.34971072541166
,True 5,0.0134375,0.007005208333333333,0.03796875,0.20809895833333333,0.7334895833333334
10,True 1,0.7422861150070126,0.1567321178120617,0.06451612903225806,0.015077138849929873,0.021388499298737727
,True 2,0.4133138258961229,0.35405998536942207,0.18141916605705927,0.029992684711046085,0.02121433796634967
,True 3,0.12962962962962962,0.2170940170940171,0.39857549857549857,0.17207977207977207,0.08262108262108261
,True 4,0.025990209167779263,0.03925233644859813,0.1855807743658211,0.40284824210057857,0.34632843791722295
,True 5,0.014817708333333334,0.0067708333333333336,0.037369791666666666,0.20216145833333332,0.7388802083333333
,,Predicted 1,Predicted 2,Predicted 3,Predicted 4,Predicted 5
AVG,True 1,2138.4545454545455,446.54545454545456,176.0,31.636363636363637,58.63636363636363
,True 2,518.9090909090909,478.6363636363636,292.54545454545456,45.54545454545455,32.0
,True 3,425.8181818181818,763.1818181818181,1384.2727272727273,640.2727272727273,296.54545454545456
,True 4,282.3636363636364,446.54545454545456,2017.909090909091,4595.636363636364,3892.5454545454545
,True 5,535.6363636363636,262.3636363636364,1471.0,7871.272727272727,28260.454545454544
0,True 1,2127.0,452.0,180.0,30.0,63.0
,True 2,547.0,469.0,267.0,45.0,39.0
,True 3,456.0,806.0,1368.0,586.0,294.0
,True 4,271.0,445.0,2042.0,4509.0,3968.0
,True 5,558.0,237.0,1455.0,7679.0,28472.0
1,True 1,2140.0,457.0,163.0,31.0,60.0
,True 2,495.0,458.0,334.0,55.0,26.0
,True 3,445.0,722.0,1401.0,635.0,307.0
,True 4,275.0,453.0,2011.0,4561.0,3935.0
,True 5,526.0,234.0,1512.0,7872.0,28257.0
2,True 1,2132.0,426.0,209.0,37.0,47.0
,True 2,497.0,496.0,302.0,49.0,24.0
,True 3,423.0,719.0,1409.0,645.0,314.0
,True 4,281.0,467.0,1995.0,4557.0,3935.0
,True 5,502.0,270.0,1508.0,8030.0,28091.0
3,True 1,2152.0,462.0,151.0,28.0,58.0
,True 2,511.0,456.0,322.0,44.0,35.0
,True 3,446.0,759.0,1375.0,630.0,300.0
,True 4,274.0,408.0,2013.0,4665.0,3875.0
,True 5,569.0,274.0,1510.0,7944.0,28104.0
4,True 1,2107.0,465.0,185.0,34.0,60.0
,True 2,510.0,487.0,292.0,43.0,36.0
,True 3,404.0,787.0,1374.0,662.0,283.0
,True 4,294.0,494.0,2001.0,4614.0,3832.0
,True 5,556.0,270.0,1436.0,8045.0,28094.0
5,True 1,2148.0,437.0,177.0,34.0,55.0
,True 2,532.0,460.0,306.0,46.0,24.0
,True 3,406.0,773.0,1383.0,656.0,292.0
,True 4,304.0,441.0,2018.0,4622.0,3850.0
,True 5,522.0,286.0,1444.0,7773.0,28376.0
6,True 1,2143.0,442.0,177.0,27.0,62.0
,True 2,512.0,492.0,285.0,39.0,40.0
,True 3,420.0,787.0,1366.0,652.0,285.0
,True 4,291.0,416.0,2044.0,4524.0,3960.0
,True 5,522.0,262.0,1455.0,7755.0,28407.0
7,True 1,2169.0,419.0,178.0,29.0,56.0
,True 2,494.0,490.0,298.0,49.0,37.0
,True 3,384.0,740.0,1415.0,696.0,275.0
,True 4,269.0,465.0,2070.0,4670.0,3761.0
,True 5,520.0,248.0,1506.0,8047.0,28080.0
8,True 1,2140.0,476.0,160.0,21.0,54.0
,True 2,532.0,487.0,273.0,44.0,31.0
,True 3,399.0,810.0,1359.0,635.0,308.0
,True 4,274.0,456.0,2009.0,4614.0,3882.0
,True 5,532.0,276.0,1462.0,7685.0,28445.0
9,True 1,2148.0,429.0,172.0,34.0,69.0
,True 2,513.0,486.0,291.0,46.0,31.0
,True 3,446.0,730.0,1378.0,642.0,314.0
,True 4,281.0,426.0,1909.0,4690.0,3929.0
,True 5,516.0,269.0,1458.0,7991.0,28166.0
10,True 1,2117.0,447.0,184.0,43.0,61.0
,True 2,565.0,484.0,248.0,41.0,29.0
,True 3,455.0,762.0,1399.0,604.0,290.0
,True 4,292.0,441.0,2085.0,4526.0,3891.0
,True 5,569.0,260.0,1435.0,7763.0,28373.0
