,Rounded RMSE,Rounded MSE,Rounded MAE,Accuracy,Log Loss
0,0.8079406498690231,0.6527680937107795,0.4285315855529215,0.6547204016176266,0.8990944131391753
1,0.8351001583275574,0.6973922744387114,0.4415004880769767,0.6503974341096082,0.9069517872684362
2,0.8116001125638833,0.658694742713708,0.4304141681773811,0.6531167201227165,0.9003357260630136
3,0.8183022522946228,0.6696185761104525,0.43588313227808384,0.6500941356948609,0.8963951049477678
4,0.8276647497688311,0.6850289380099017,0.4415312739697371,0.6481416916533017,0.9086628851112207
5,0.7985500422654124,0.6376821700020919,0.42765497524579876,0.6510703577156405,0.8988150121716254
6,0.8222975189543892,0.676173209678544,0.4372777351649118,0.6507217069939335,0.905021629605357
7,0.8377552761971594,0.7018339027961787,0.44996862143504635,0.641726518373893,0.9111691551571931
8,0.802078744073015,0.6433303116937452,0.43288473607140365,0.6459800571787183,0.8985567882377048
9,0.8200897768981097,0.6725472421727913,0.4369988145875462,0.6491179136740813,0.9026758584478223
10,0.8150149415784749,0.6642493549961649,0.4314901331845757,0.6544174046440276,0.8984694812472551
AVG,0.8178540202536798,0.6690289833020973,0.435830514885853,0.6499549401616735,0.9023770764905973
,,,,,
,,Predicted 1,Predicted 2,Predicted 3,Predicted 4,Predicted 5
AVG,True 1,0.7170007392264196,0.19857057821545585,0.054711708859399424,0.013136848574625336,0.016580125124099784
,True 2,0.32625062166658086,0.4054747194120554,0.21429685027462456,0.0337679932524816,0.020209815394257438
,True 3,0.09375086333447696,0.23329865434342542,0.40888713263863585,0.18988954749585185,0.07417380218760988
,True 4,0.01767215749059822,0.038063045494515765,0.17701293867189205,0.4341982134790964,0.3330536448638976
,True 5,0.00939368492234079,0.007291447702732986,0.036211126997503416,0.20826113737363217,0.7388426030037908
0,True 1,0.7279102384291725,0.18092566619915848,0.06732117812061711,0.011220196353436185,0.012622720897615708
,True 2,0.32456140350877194,0.4064327485380117,0.22807017543859648,0.029239766081871343,0.011695906432748537
,True 3,0.09453302961275627,0.22892938496583143,0.40660592255125283,0.2061503416856492,0.06378132118451026
,True 4,0.015307938768244928,0.04734781060875756,0.16909932360270558,0.44321822712709147,0.32502669989320043
,True 5,0.0090625,0.007395833333333333,0.03375,0.20708333333333334,0.7427083333333333
1,True 1,0.7307152875175316,0.1767180925666199,0.05049088359046283,0.0182328190743338,0.023842917251051893
,True 2,0.391812865497076,0.3684210526315789,0.17543859649122806,0.038011695906432746,0.02631578947368421
,True 3,0.10364464692482915,0.21981776765375854,0.4214123006833713,0.18109339407744876,0.07403189066059225
,True 4,0.024207903168387328,0.032039871840512636,0.17194731221075116,0.44001423994304023,0.3317906728373087
,True 5,0.010729166666666666,0.0069791666666666665,0.03635416666666667,0.20895833333333333,0.7369791666666666
2,True 1,0.7194950911640954,0.20196353436185133,0.04628330995792426,0.014025245441795231,0.0182328190743338
,True 2,0.31871345029239767,0.4152046783625731,0.195906432748538,0.038011695906432746,0.03216374269005848
,True 3,0.10136674259681093,0.2255125284738041,0.4191343963553531,0.18337129840546698,0.07061503416856492
,True 4,0.014951940192239232,0.03595585617657529,0.18333926664293343,0.4350302598789605,0.33072267710929154
,True 5,0.009166666666666667,0.007604166666666667,0.033854166666666664,0.2075,0.741875
3,True 1,0.7247191011235955,0.1952247191011236,0.047752808988764044,0.012640449438202247,0.019662921348314606
,True 2,0.29239766081871343,0.40058479532163743,0.23391812865497075,0.049707602339181284,0.023391812865497075
,True 3,0.09339407744874716,0.24259681093394078,0.4009111617312073,0.1947608200455581,0.0683371298405467
,True 4,0.019223923104307584,0.03773584905660377,0.17194731221075116,0.4346742613029548,0.3364186543253827
,True 5,0.009166666666666667,0.006875,0.036875,0.2078125,0.7392708333333333
4,True 1,0.7120786516853933,0.19382022471910113,0.056179775280898875,0.019662921348314606,0.018258426966292134
,True 2,0.3216374269005848,0.41228070175438597,0.23976608187134502,0.02046783625730994,0.005847953216374269
,True 3,0.10136674259681093,0.22779043280182232,0.42369020501138954,0.1765375854214123,0.07061503416856492
,True 4,0.017443930224279102,0.039515841936632254,0.18689925240299038,0.42541829832680667,0.33072267710929154
,True 5,0.009791666666666667,0.0077083333333333335,0.039375,0.205625,0.7375
5,True 1,0.726507713884993,0.20196353436185133,0.05049088359046283,0.008415147265077139,0.012622720897615708
,True 2,0.31871345029239767,0.41812865497076024,0.20760233918128654,0.04678362573099415,0.008771929824561403
,True 3,0.09806157354618016,0.2542759407069555,0.3933865450399088,0.1847206385404789,0.06955530216647662
,True 4,0.013883944464222144,0.04058383766464934,0.17871128515485937,0.4467782128871485,0.3200427198291207
,True 5,0.008541666666666666,0.005833333333333334,0.034895833333333334,0.21364583333333334,0.7370833333333333
6,True 1,0.6942496493688639,0.21739130434782608,0.05750350631136045,0.009817671809256662,0.021037868162692847
,True 2,0.30409356725146197,0.43567251461988304,0.19883040935672514,0.03508771929824561,0.02631578947368421
,True 3,0.09692132269099202,0.22805017103762829,0.4161915621436716,0.18928164196123148,0.06955530216647662
,True 4,0.017087931648273408,0.03773584905660377,0.1755072979708081,0.43823424706301173,0.33143467426130296
,True 5,0.009895833333333333,0.0059375,0.04010416666666667,0.2053125,0.73875
7,True 1,0.7026647966339411,0.20757363253856942,0.05750350631136045,0.012622720897615708,0.019635343618513323
,True 2,0.2982456140350877,0.4415204678362573,0.20760233918128654,0.029239766081871343,0.023391812865497075
,True 3,0.08551881413911061,0.24401368301026224,0.38540478905359177,0.20752565564424175,0.07753705815279362
,True 4,0.02029191883232467,0.03773584905660377,0.18689925240299038,0.4222143111427554,0.33285866856532575
,True 5,0.010104166666666666,0.00875,0.038125,0.21104166666666666,0.7319791666666666
8,True 1,0.6942496493688639,0.22019635343618513,0.05890603085553997,0.014025245441795231,0.012622720897615708
,True 2,0.32748538011695905,0.38011695906432746,0.24853801169590642,0.029239766081871343,0.014619883040935672
,True 3,0.08437856328392246,0.23717217787913342,0.4161915621436716,0.19270239452679588,0.06955530216647662
,True 4,0.014957264957264958,0.03561253561253561,0.17307692307692307,0.4234330484330484,0.3529202279202279
,True 5,0.007915842099781273,0.006874283928757421,0.035725445266118115,0.21154046453494427,0.7379439641703989
9,True 1,0.7096774193548387,0.211781206171108,0.05329593267882188,0.014025245441795231,0.011220196353436185
,True 2,0.3362573099415205,0.38596491228070173,0.23684210526315788,0.02046783625730994,0.02046783625730994
,True 3,0.08095781071835804,0.2348916761687571,0.4207525655644242,0.1790193842645382,0.08437856328392246
,True 4,0.018518518518518517,0.037037037037037035,0.17841880341880342,0.44052706552706555,0.32549857549857547
,True 5,0.00947817935631705,0.009165711905009895,0.03437141964378711,0.21112384126653475,0.7358608478283513
10,True 1,0.7447405329593267,0.1767180925666199,0.056100981767180924,0.009817671809256662,0.012622720897615708
,True 2,0.3548387096774194,0.39589442815249265,0.18475073313782991,0.03519061583577713,0.02932551319648094
,True 3,0.09111617312072894,0.22323462414578588,0.3940774487471526,0.19362186788154898,0.0979498861047836
,True 4,0.018518518518518517,0.03739316239316239,0.1712962962962963,0.42663817663817666,0.34615384615384615
,True 5,0.00947817935631705,0.007082595562962191,0.03489219872929903,0.20122903864180813,0.7473179877096136
,,Predicted 1,Predicted 2,Predicted 3,Predicted 4,Predicted 5
AVG,True 1,511.09090909090907,141.54545454545453,39.0,9.363636363636363,11.818181818181818
,True 2,111.54545454545455,138.63636363636363,73.27272727272727,11.545454545454545,6.909090909090909
,True 3,82.27272727272727,204.72727272727272,358.8181818181818,166.63636363636363,65.0909090909091
,True 4,49.63636363636363,106.9090909090909,497.1818181818182,1219.5454545454545,935.4545454545455
,True 5,90.18181818181819,70.0,347.6363636363636,1999.3636363636363,7093.090909090909
0,True 1,519.0,129.0,48.0,8.0,9.0
,True 2,111.0,139.0,78.0,10.0,4.0
,True 3,83.0,201.0,357.0,181.0,56.0
,True 4,43.0,133.0,475.0,1245.0,913.0
,True 5,87.0,71.0,324.0,1988.0,7130.0
1,True 1,521.0,126.0,36.0,13.0,17.0
,True 2,134.0,126.0,60.0,13.0,9.0
,True 3,91.0,193.0,370.0,159.0,65.0
,True 4,68.0,90.0,483.0,1236.0,932.0
,True 5,103.0,67.0,349.0,2006.0,7075.0
2,True 1,513.0,144.0,33.0,10.0,13.0
,True 2,109.0,142.0,67.0,13.0,11.0
,True 3,89.0,198.0,368.0,161.0,62.0
,True 4,42.0,101.0,515.0,1222.0,929.0
,True 5,88.0,73.0,325.0,1992.0,7122.0
3,True 1,516.0,139.0,34.0,9.0,14.0
,True 2,100.0,137.0,80.0,17.0,8.0
,True 3,82.0,213.0,352.0,171.0,60.0
,True 4,54.0,106.0,483.0,1221.0,945.0
,True 5,88.0,66.0,354.0,1995.0,7097.0
4,True 1,507.0,138.0,40.0,14.0,13.0
,True 2,110.0,141.0,82.0,7.0,2.0
,True 3,89.0,200.0,372.0,155.0,62.0
,True 4,49.0,111.0,525.0,1195.0,929.0
,True 5,94.0,74.0,378.0,1974.0,7080.0
5,True 1,518.0,144.0,36.0,6.0,9.0
,True 2,109.0,143.0,71.0,16.0,3.0
,True 3,86.0,223.0,345.0,162.0,61.0
,True 4,39.0,114.0,502.0,1255.0,899.0
,True 5,82.0,56.0,335.0,2051.0,7076.0
6,True 1,495.0,155.0,41.0,7.0,15.0
,True 2,104.0,149.0,68.0,12.0,9.0
,True 3,85.0,200.0,365.0,166.0,61.0
,True 4,48.0,106.0,493.0,1231.0,931.0
,True 5,95.0,57.0,385.0,1971.0,7092.0
7,True 1,501.0,148.0,41.0,9.0,14.0
,True 2,102.0,151.0,71.0,10.0,8.0
,True 3,75.0,214.0,338.0,182.0,68.0
,True 4,57.0,106.0,525.0,1186.0,935.0
,True 5,97.0,84.0,366.0,2026.0,7027.0
8,True 1,495.0,157.0,42.0,10.0,9.0
,True 2,112.0,130.0,85.0,10.0,5.0
,True 3,74.0,208.0,365.0,169.0,61.0
,True 4,42.0,100.0,486.0,1189.0,991.0
,True 5,76.0,66.0,343.0,2031.0,7085.0
9,True 1,506.0,151.0,38.0,10.0,8.0
,True 2,115.0,132.0,81.0,7.0,7.0
,True 3,71.0,206.0,369.0,157.0,74.0
,True 4,52.0,104.0,501.0,1237.0,914.0
,True 5,91.0,88.0,330.0,2027.0,7065.0
10,True 1,531.0,126.0,40.0,7.0,9.0
,True 2,121.0,135.0,63.0,12.0,10.0
,True 3,80.0,196.0,346.0,170.0,86.0
,True 4,52.0,105.0,481.0,1198.0,972.0
,True 5,91.0,68.0,335.0,1932.0,7175.0
