,Rounded RMSE,Rounded MSE,Rounded MAE,Accuracy,Log Loss
0,0.7910970661786374,0.6258345681164473,0.3672448357012115,0.72228710886429,0.7005372086423288
1,0.7985212516358232,0.6376361893140416,0.37235247973503005,0.7205264534123594,0.7049547063564224
2,0.7994158069204179,0.639065632354223,0.3726313954501874,0.7196199773380981,0.7057673983078256
3,0.8014847200488081,0.6423777564717162,0.3739911095615794,0.7189924169789942,0.704248028981176
4,0.8025171764706739,0.6440338185304628,0.37080101106946745,0.7236293907434848,0.7014915590029561
5,0.8012998243631166,0.6420814085243616,0.37212586071646475,0.7212237427002528,0.7031367464445015
6,0.8026257788362121,0.6442081408524362,0.3732066591126994,0.7208576658241088,0.7030278914633615
7,0.803157718153854,0.6450623202301055,0.3725268020570034,0.721450361718818,0.7028260933972689
8,0.7979276379755416,0.636688515445227,0.3698312530506938,0.7225960532738303,0.6984869724859076
9,0.7992919256791574,0.6388675824558957,0.37221951049438673,0.7206261766961858,0.7038357687132955
10,0.8002183127266899,0.6403493480231504,0.3708074750714734,0.7221951049438672,0.7013299228949045
AVG,0.7997779289989938,0.6396550254834606,0.37161258109274525,0.7212731320449354,0.7026947542445408
,,,,,
,,Predicted 1,Predicted 2,Predicted 3,Predicted 4,Predicted 5
AVG,True 1,0.6681227829940198,0.10712883042798041,0.018269345713199228,0.048814079430535944,0.1576649614342646
,True 2,0.3475174491614641,0.2053986618582545,0.054371974081865115,0.1763477574030841,0.21636415749533217
,True 3,0.10279451025677169,0.11009800773400888,0.052938347241964445,0.32130745189702753,0.41286168287022745
,True 4,0.0142331189060161,0.01441922563417891,0.008601367479872153,0.173572844600882,0.7891734433790508
,True 5,0.003013676068745842,0.0017944739764707833,0.0010274430096911937,0.029239497775369647,0.9649249091697225
0,True 1,0.6633941093969145,0.11360448807854137,0.016479663394109396,0.04908835904628331,0.15743338008415148
,True 2,0.359912216532553,0.20848573518653987,0.04535479151426482,0.16825164594001463,0.21799561082662766
,True 3,0.10598290598290598,0.12165242165242166,0.05669515669515669,0.3279202279202279,0.38774928774928774
,True 4,0.012283044058744993,0.01584334668446818,0.008277703604806409,0.17730307076101468,0.7862928348909657
,True 5,0.0026301398401083306,0.0014322543683758235,0.0009374755865732663,0.029764849873701205,0.9652352803312414
1,True 1,0.6674850929498422,0.11083830235005261,0.020694493160294633,0.05015783935461242,0.15082427218519817
,True 2,0.3362573099415205,0.18494152046783627,0.05555555555555555,0.20029239766081872,0.22295321637426901
,True 3,0.10113960113960115,0.10854700854700855,0.05555555555555555,0.31225071225071227,0.4225071225071225
,True 4,0.015131286159323543,0.014953271028037384,0.009345794392523364,0.17258566978193146,0.7879839786381843
,True 5,0.0026822218171401787,0.0016666232650191402,0.0006770657014140256,0.030337751621051536,0.9646363375953751
2,True 1,0.668186601192564,0.10066643283058575,0.018940722553490004,0.05366538056822168,0.15854086285513855
,True 2,0.32383040935672514,0.21564327485380116,0.07309941520467836,0.17982456140350878,0.20760233918128654
,True 3,0.09088319088319088,0.10683760683760683,0.05356125356125356,0.33133903133903136,0.41737891737891736
,True 4,0.013084112149532711,0.014864263462394304,0.008455718736092568,0.16902536715620828,0.7945705384957722
,True 5,0.002916590713783495,0.0019270331501783807,0.0008593526210254941,0.030936694356917788,0.9633603291580949
3,True 1,0.6713433882848123,0.10452472816555594,0.014731673097158891,0.05191160996141705,0.15748860049105576
,True 2,0.34137426900584794,0.195906432748538,0.05555555555555555,0.17543859649122806,0.23172514619883042
,True 3,0.10227920227920229,0.11566951566951567,0.05498575498575498,0.31851851851851853,0.40854700854700854
,True 4,0.014063195371606586,0.013084112149532711,0.008633733867378727,0.16831330663106364,0.7959056519804183
,True 5,0.0027082628056561025,0.002135361058305773,0.0011197625061847348,0.031066899299497408,0.9629697143303559
4,True 1,0.6580147316730972,0.1080322693791652,0.02104524728165556,0.04805331462644686,0.1648544370396352
,True 2,0.3442982456140351,0.21271929824561403,0.04751461988304093,0.17543859649122806,0.22002923976608188
,True 3,0.10028490028490028,0.10598290598290598,0.05783475783475783,0.3193732193732194,0.4165242165242165
,True 4,0.017000445037828216,0.014953271028037384,0.007743658210947931,0.17837116154873164,0.7819314641744548
,True 5,0.002838467748235723,0.0014062133798598995,0.0008333116325095701,0.027837816723522826,0.967084190515872
5,True 1,0.6653805682216766,0.10487548228691687,0.01929147667485093,0.04700105226236408,0.1634514205541915
,True 2,0.3516081871345029,0.20029239766081872,0.051900584795321635,0.17690058479532164,0.21929824561403508
,True 3,0.09886039886039887,0.10455840455840455,0.05071225071225071,0.3267806267806268,0.41908831908831906
,True 4,0.01335113484646195,0.014063195371606586,0.009434801958166443,0.17258566978193146,0.7905651980418336
,True 5,0.002916590713783495,0.0018228691961146846,0.0010416395406369625,0.028488841436420928,0.9657300591130439
6,True 1,0.6660820764643984,0.10978603998596984,0.016485443703963522,0.05191160996141705,0.15573482988425114
,True 2,0.34210526315789475,0.20833333333333334,0.06140350877192982,0.16739766081871346,0.22076023391812866
,True 3,0.10541310541310542,0.11225071225071225,0.05356125356125356,0.30826210826210826,0.4205128205128205
,True 4,0.014330218068535825,0.013974187805963507,0.008455718736092568,0.1707165109034268,0.7925233644859813
,True 5,0.0031249186219108878,0.0019270331501783807,0.0014322543683758235,0.02838467748235723,0.9651311163771776
7,True 1,0.6737986671343388,0.10066643283058575,0.01823921431076815,0.04559803577692038,0.1616976499473869
,True 2,0.3406432748538012,0.20248538011695907,0.06359649122807018,0.1834795321637427,0.2097953216374269
,True 3,0.10256410256410256,0.09515669515669516,0.0547008547008547,0.3353276353276353,0.41225071225071225
,True 4,0.014330218068535825,0.014241210502892745,0.008989764129951045,0.17525589675122386,0.7871829105473965
,True 5,0.0034113694955860523,0.0018749511731465326,0.0011718444832165829,0.029322153068930497,0.9642196817791203
8,True 1,0.6776569624693091,0.10627849877236058,0.016485443703963522,0.04700105226236408,0.1525780427920028
,True 2,0.3533284564740307,0.21068032187271396,0.04462326261887344,0.18361375274323335,0.2077542062911485
,True 3,0.10395898604386215,0.11592138991740245,0.050412987752776986,0.31928225576758756,0.4104243805183708
,True 4,0.0157543391188251,0.013707165109034268,0.009256786826880284,0.17561192701379616,0.7856697819314642
,True 5,0.0033854166666666668,0.0016145833333333333,0.0009114583333333333,0.0284375,0.9656510416666667
9,True 1,0.6704067321178121,0.10974754558204769,0.019284712482468443,0.047335203366058905,0.1532258064516129
,True 2,0.3423555230431602,0.21360643745427946,0.05779078273591807,0.17702999268471104,0.20921726408193123
,True 3,0.10712250712250712,0.10911680911680911,0.04358974358974359,0.3145299145299145,0.4256410256410256
,True 4,0.011927013796172675,0.013974187805963507,0.006942590120160214,0.17133956386292834,0.7958166444147753
,True 5,0.0033072916666666667,0.001953125,0.0013020833333333333,0.0284375,0.965
10,True 1,0.667601683029453,0.1093969144460028,0.019284712482468443,0.04523141654978962,0.1584852734922861
,True 2,0.38697878566203364,0.20629114850036576,0.04169714703730797,0.15215801024140455,0.21287490855888808
,True 3,0.11225071225071225,0.11538461538461539,0.05071225071225071,0.3207977207977208,0.4008547008547009
,True 4,0.015309301290609702,0.014953271028037384,0.009078771695594125,0.1781931464174455,0.7824655095683133
,True 5,0.0032291666666666666,0.001979166666666667,0.001015625,0.02861979166666667,0.96515625
,,Predicted 1,Predicted 2,Predicted 3,Predicted 4,Predicted 5
AVG,True 1,1905.0,305.45454545454544,52.09090909090909,139.1818181818182,449.54545454545456
,True 2,475.27272727272725,280.90909090909093,74.36363636363636,241.1818181818182,295.90909090909093
,True 3,360.8181818181818,386.45454545454544,185.8181818181818,1127.8181818181818,1449.1818181818182
,True 4,159.9090909090909,162.0,96.63636363636364,1950.090909090909,8866.363636363636
,True 5,115.72727272727273,68.9090909090909,39.45454545454545,1122.8181818181818,37053.818181818184
0,True 1,1892.0,324.0,47.0,140.0,449.0
,True 2,492.0,285.0,62.0,230.0,298.0
,True 3,372.0,427.0,199.0,1151.0,1361.0
,True 4,138.0,178.0,93.0,1992.0,8834.0
,True 5,101.0,55.0,36.0,1143.0,37066.0
1,True 1,1903.0,316.0,59.0,143.0,430.0
,True 2,460.0,253.0,76.0,274.0,305.0
,True 3,355.0,381.0,195.0,1096.0,1483.0
,True 4,170.0,168.0,105.0,1939.0,8853.0
,True 5,103.0,64.0,26.0,1165.0,37043.0
2,True 1,1905.0,287.0,54.0,153.0,452.0
,True 2,443.0,295.0,100.0,246.0,284.0
,True 3,319.0,375.0,188.0,1163.0,1465.0
,True 4,147.0,167.0,95.0,1899.0,8927.0
,True 5,112.0,74.0,33.0,1188.0,36994.0
3,True 1,1914.0,298.0,42.0,148.0,449.0
,True 2,467.0,268.0,76.0,240.0,317.0
,True 3,359.0,406.0,193.0,1118.0,1434.0
,True 4,158.0,147.0,97.0,1891.0,8942.0
,True 5,104.0,82.0,43.0,1193.0,36979.0
4,True 1,1876.0,308.0,60.0,137.0,470.0
,True 2,471.0,291.0,65.0,240.0,301.0
,True 3,352.0,372.0,203.0,1121.0,1462.0
,True 4,191.0,168.0,87.0,2004.0,8785.0
,True 5,109.0,54.0,32.0,1069.0,37137.0
5,True 1,1897.0,299.0,55.0,134.0,466.0
,True 2,481.0,274.0,71.0,242.0,300.0
,True 3,347.0,367.0,178.0,1147.0,1471.0
,True 4,150.0,158.0,106.0,1939.0,8882.0
,True 5,112.0,70.0,40.0,1094.0,37085.0
6,True 1,1899.0,313.0,47.0,148.0,444.0
,True 2,468.0,285.0,84.0,229.0,302.0
,True 3,370.0,394.0,188.0,1082.0,1476.0
,True 4,161.0,157.0,95.0,1918.0,8904.0
,True 5,120.0,74.0,55.0,1090.0,37062.0
7,True 1,1921.0,287.0,52.0,130.0,461.0
,True 2,466.0,277.0,87.0,251.0,287.0
,True 3,360.0,334.0,192.0,1177.0,1447.0
,True 4,161.0,160.0,101.0,1969.0,8844.0
,True 5,131.0,72.0,45.0,1126.0,37027.0
8,True 1,1932.0,303.0,47.0,134.0,435.0
,True 2,483.0,288.0,61.0,251.0,284.0
,True 3,365.0,407.0,177.0,1121.0,1441.0
,True 4,177.0,154.0,104.0,1973.0,8827.0
,True 5,130.0,62.0,35.0,1092.0,37081.0
9,True 1,1912.0,313.0,55.0,135.0,437.0
,True 2,468.0,292.0,79.0,242.0,286.0
,True 3,376.0,383.0,153.0,1104.0,1494.0
,True 4,134.0,157.0,78.0,1925.0,8941.0
,True 5,127.0,75.0,50.0,1092.0,37056.0
10,True 1,1904.0,312.0,55.0,129.0,452.0
,True 2,529.0,282.0,57.0,208.0,291.0
,True 3,394.0,405.0,178.0,1126.0,1407.0
,True 4,172.0,168.0,102.0,2002.0,8791.0
,True 5,124.0,76.0,39.0,1099.0,37062.0
