,Rounded RMSE,Rounded MSE,Rounded MAE,Accuracy,Log Loss
0,0.8223433489918515,0.6762485836311339,0.4356837793079404,0.6519306197158546,0.9107366508906226
1,0.8180181325171341,0.6691536651268195,0.438490368691711,0.6470670269327987,0.9144694178007006
2,0.8254219304092651,0.6813213632005578,0.44187222173799356,0.6460908219297481,0.915818829405604
3,0.8312828138091586,0.6910311165344722,0.4424126209361109,0.6474331038089427,0.9123553707854121
4,0.8261502207360195,0.6825241872221738,0.4419942473633749,0.6458816351433802,0.9139304878243127
5,0.8208262754242918,0.6737557744269154,0.43486446439466575,0.6522443998954066,0.9125561385207629
6,0.8236142613473943,0.6783404514948139,0.435823237165519,0.6527325023969319,0.9112928946512422
7,0.8201145132661012,0.6725878148696941,0.436869171097359,0.6493680815828466,0.9130314769695469
8,0.8255875049933156,0.6815947284010878,0.43712084234014364,0.6521860400251028,0.9087343618900102
9,0.8229120832576796,0.6771842967714943,0.4372428700927411,0.650198730911373,0.9132164968376151
10,0.8287382317056499,0.6868070566906074,0.43926504427864166,0.6504079213443972,0.9106003772088598
AVG,0.8240917560416237,0.679140821669979,0.4383308061278365,0.6495946257897075,0.9124311366167899
,,,,,
,,Predicted 1,Predicted 2,Predicted 3,Predicted 4,Predicted 5
AVG,True 1,0.7244933262130053,0.1875078738553477,0.057071716047209,0.012211357376411049,0.01871572650802694
,True 2,0.3338240818845678,0.40567730203120794,0.20612489193323136,0.03449857797160765,0.019875146179385197
,True 3,0.09867670858841465,0.23283497729524505,0.4037451171885806,0.18906538675835172,0.075677810169408
,True 4,0.018812962738196385,0.03792531456082859,0.17594368248573858,0.43088562527814867,0.3364324149370878
,True 5,0.009931158637065953,0.007438307702194466,0.03577109987123521,0.20767834371964353,0.7391810900698609
0,True 1,0.7275596072931276,0.18162692847124826,0.05995792426367461,0.01332398316970547,0.01753155680224404
,True 2,0.3467446964155084,0.4038039502560351,0.19239209948792976,0.033650329188002925,0.023408924652523776
,True 3,0.10512820512820513,0.24273504273504273,0.4022792022792023,0.17264957264957265,0.0772079772079772
,True 4,0.01842456608811749,0.0367601246105919,0.17668001780151313,0.4253671562082777,0.3427681352914998
,True 5,0.010338272440821854,0.006666493060076561,0.035129293507981565,0.20361448920601027,0.7442514517851098
1,True 1,0.7306208347948089,0.18449666783584706,0.051210101718695195,0.013328656611715188,0.020343739038933707
,True 2,0.3201754385964912,0.3961988304093567,0.22880116959064328,0.03508771929824561,0.019736842105263157
,True 3,0.09743589743589744,0.2376068376068376,0.398005698005698,0.1925925925925926,0.07435897435897436
,True 4,0.01789052069425901,0.038629283489096576,0.17846016911437473,0.4232309746328438,0.3417890520694259
,True 5,0.00864560818728679,0.007083148876331345,0.03726465456628734,0.20895289185177468,0.7380536965183199
2,True 1,0.7257102770957559,0.18309365135040337,0.0634864959663276,0.012276394247632409,0.015433181339880744
,True 2,0.3362573099415205,0.40131578947368424,0.2149122807017544,0.03070175438596491,0.016812865497076022
,True 3,0.09686609686609686,0.22507122507122507,0.4131054131054131,0.18632478632478633,0.07863247863247863
,True 4,0.018602581219403648,0.03925233644859813,0.17863818424566089,0.42198486871384067,0.34152202937249665
,True 5,0.009947657613082993,0.0072133538189109656,0.03645738392229369,0.21061951511679383,0.7357620895289185
3,True 1,0.7306208347948089,0.18309365135040337,0.05471764293230445,0.011224131883549631,0.020343739038933707
,True 2,0.32748538011695905,0.3969298245614035,0.2149122807017544,0.03654970760233918,0.02412280701754386
,True 3,0.10142450142450142,0.23333333333333334,0.4011396011396011,0.18945868945868946,0.07464387464387465
,True 4,0.019581664441477527,0.03569203382287495,0.16955941255006676,0.4411214953271028,0.334045393858478
,True 5,0.010754928257076638,0.007265435795942814,0.0361448920601026,0.21278091716361552,0.7330538267232625
4,True 1,0.7144861452122062,0.19010873377762189,0.06068046299544019,0.014380918975797966,0.020343739038933707
,True 2,0.31505847953216376,0.4130116959064328,0.21929824561403508,0.03508771929824561,0.017543859649122806
,True 3,0.0905982905982906,0.23903133903133902,0.4042735042735043,0.19373219373219372,0.07236467236467237
,True 4,0.01922563417890521,0.03925233644859813,0.1789942145082332,0.4397863818424566,0.32274143302180686
,True 5,0.009583083773860055,0.007786255566261295,0.03565011327830005,0.21551522095778755,0.731465326423791
5,True 1,0.7176429323044545,0.19466853735531392,0.05506839705366538,0.015433181339880744,0.017186951946685375
,True 2,0.33771929824561403,0.39766081871345027,0.2134502923976608,0.038011695906432746,0.013157894736842105
,True 3,0.09287749287749288,0.23162393162393163,0.4014245014245014,0.19686609686609688,0.0772079772079772
,True 4,0.018869603916332887,0.03907432131731197,0.1749888740542946,0.4315976858032933,0.33546951490876725
,True 5,0.00992161662456707,0.007577927658133902,0.03468659670321085,0.2038748990911695,0.7439389599229187
6,True 1,0.7309715889161698,0.18204138898632058,0.05822518414591372,0.008768853034023149,0.01999298491757278
,True 2,0.33187134502923976,0.4093567251461988,0.2010233918128655,0.029970760233918127,0.027777777777777776
,True 3,0.10626780626780627,0.22735042735042735,0.401994301994302,0.1883190883190883,0.07606837606837606
,True 4,0.01913662661326213,0.035870048954161106,0.17979528259902092,0.4263462394303516,0.3388518024032043
,True 5,0.010025780578630765,0.007083148876331345,0.03656154787635739,0.20158329210176817,0.7447462305669124
7,True 1,0.7281655559452823,0.1866011925640126,0.0540161346895826,0.012276394247632409,0.018940722553490004
,True 2,0.31871345029239767,0.4159356725146199,0.20760233918128654,0.039473684210526314,0.01827485380116959
,True 3,0.08945868945868946,0.22393162393162394,0.4111111111111111,0.20626780626780628,0.06923076923076923
,True 4,0.017712505562972852,0.03845126835781042,0.1829105473965287,0.4351579884290165,0.3257676902536716
,True 5,0.009374755865732663,0.008150829405484231,0.035519908335720426,0.21067159709382569,0.736282909299237
8,True 1,0.7264117853384777,0.1929147667485093,0.05647141353910908,0.00701508242721852,0.017186951946685375
,True 2,0.34528163862472566,0.4059985369422092,0.19970738844184346,0.02852962692026335,0.020482809070958303
,True 3,0.09228140131016804,0.24152663058957563,0.4010253489034463,0.1854172600398747,0.07974935915693535
,True 4,0.020382732532265243,0.038184245660881175,0.17668001780151313,0.43133066310636403,0.33342234089897643
,True 5,0.010182291666666666,0.007604166666666667,0.03729166666666667,0.20190104166666667,0.7430208333333334
9,True 1,0.7226507713884993,0.18899018232819073,0.05539971949509116,0.011921458625525946,0.021037868162692847
,True 2,0.3335771762984638,0.4089246525237747,0.19970738844184346,0.03584491587417703,0.021945866861741038
,True 3,0.10569800569800569,0.22364672364672364,0.4028490028490028,0.18518518518518517,0.08262108262108261
,True 4,0.017623497997329773,0.038006230529595016,0.1606586559857588,0.4415665331553182,0.3421450823319982
,True 5,0.009921875,0.007317708333333333,0.034166666666666665,0.21153645833333334,0.7370572916666667
10,True 1,0.7145862552594671,0.1949509116409537,0.05855539971949509,0.014375876577840112,0.01753155680224404
,True 2,0.35918068763716166,0.4133138258961229,0.1755669348939283,0.036576444769568395,0.015362106803218726
,True 3,0.10740740740740741,0.23532763532763531,0.403988603988604,0.1829059829059829,0.07037037037037037
,True 4,0.019492656875834447,0.038006230529595016,0.1780151312861593,0.4222518914107699,0.3422340898976413
,True 5,0.010546875,0.008072916666666667,0.034609375,0.20341145833333332,0.743359375
,,Predicted 1,Predicted 2,Predicted 3,Predicted 4,Predicted 5
AVG,True 1,2065.7272727272725,534.6363636363636,162.72727272727272,34.81818181818182,53.36363636363637
,True 2,456.54545454545456,554.8181818181819,281.90909090909093,47.18181818181818,27.181818181818183
,True 3,346.3636363636364,817.2727272727273,1417.1818181818182,663.6363636363636,265.6363636363636
,True 4,211.36363636363637,426.09090909090907,1976.7272727272727,4841.0,3779.818181818182
,True 5,381.3636363636364,285.6363636363636,1373.6363636363637,7975.0,28385.090909090908
0,True 1,2075.0,518.0,171.0,38.0,50.0
,True 2,474.0,552.0,263.0,46.0,32.0
,True 3,369.0,852.0,1412.0,606.0,271.0
,True 4,207.0,413.0,1985.0,4779.0,3851.0
,True 5,397.0,256.0,1349.0,7819.0,28580.0
1,True 1,2083.0,526.0,146.0,38.0,58.0
,True 2,438.0,542.0,313.0,48.0,27.0
,True 3,342.0,834.0,1397.0,676.0,261.0
,True 4,201.0,434.0,2005.0,4755.0,3840.0
,True 5,332.0,272.0,1431.0,8024.0,28342.0
2,True 1,2069.0,522.0,181.0,35.0,44.0
,True 2,460.0,549.0,294.0,42.0,23.0
,True 3,340.0,790.0,1450.0,654.0,276.0
,True 4,209.0,441.0,2007.0,4741.0,3837.0
,True 5,382.0,277.0,1400.0,8088.0,28254.0
3,True 1,2083.0,522.0,156.0,32.0,58.0
,True 2,448.0,543.0,294.0,50.0,33.0
,True 3,356.0,819.0,1408.0,665.0,262.0
,True 4,220.0,401.0,1905.0,4956.0,3753.0
,True 5,413.0,279.0,1388.0,8171.0,28150.0
4,True 1,2037.0,542.0,173.0,41.0,58.0
,True 2,431.0,565.0,300.0,48.0,24.0
,True 3,318.0,839.0,1419.0,680.0,254.0
,True 4,216.0,441.0,2011.0,4941.0,3626.0
,True 5,368.0,299.0,1369.0,8276.0,28089.0
5,True 1,2046.0,555.0,157.0,44.0,49.0
,True 2,462.0,544.0,292.0,52.0,18.0
,True 3,326.0,813.0,1409.0,691.0,271.0
,True 4,212.0,439.0,1966.0,4849.0,3769.0
,True 5,381.0,291.0,1332.0,7829.0,28568.0
6,True 1,2084.0,519.0,166.0,25.0,57.0
,True 2,454.0,560.0,275.0,41.0,38.0
,True 3,373.0,798.0,1411.0,661.0,267.0
,True 4,215.0,403.0,2020.0,4790.0,3807.0
,True 5,385.0,272.0,1404.0,7741.0,28599.0
7,True 1,2076.0,532.0,154.0,35.0,54.0
,True 2,436.0,569.0,284.0,54.0,25.0
,True 3,314.0,786.0,1443.0,724.0,243.0
,True 4,199.0,432.0,2055.0,4889.0,3660.0
,True 5,360.0,313.0,1364.0,8090.0,28274.0
8,True 1,2071.0,550.0,161.0,20.0,49.0
,True 2,472.0,555.0,273.0,39.0,28.0
,True 3,324.0,848.0,1408.0,651.0,280.0
,True 4,229.0,429.0,1985.0,4846.0,3746.0
,True 5,391.0,292.0,1432.0,7753.0,28532.0
9,True 1,2061.0,539.0,158.0,34.0,60.0
,True 2,456.0,559.0,273.0,49.0,30.0
,True 3,371.0,785.0,1414.0,650.0,290.0
,True 4,198.0,427.0,1805.0,4961.0,3844.0
,True 5,381.0,281.0,1312.0,8123.0,28303.0
10,True 1,2038.0,556.0,167.0,41.0,50.0
,True 2,491.0,565.0,240.0,50.0,21.0
,True 3,377.0,826.0,1418.0,642.0,247.0
,True 4,219.0,427.0,2000.0,4744.0,3845.0
,True 5,405.0,310.0,1329.0,7811.0,28545.0
