,Rounded RMSE,Rounded MSE,Rounded MAE,Accuracy,Log Loss
0,0.728477264058703,0.5306791242504532,0.33098591549295775,0.7418072793194812,0.6543856430200982
1,0.7539234059385829,0.5684005020220332,0.3392832240970576,0.7404127736717334,0.6652384455479676
2,0.7296727049233362,0.5324222563101381,0.3321712452935434,0.7411100264956073,0.656154359799087
3,0.7236528062571891,0.5236733840039048,0.3264765358064291,0.7444390209887735,0.6541801823156906
4,0.734745382762702,0.5398507774911094,0.3337284708179346,0.7401157520396067,0.6577241631237823
5,0.727688612064654,0.5295307161285824,0.33121818562164423,0.7409525137717035,0.6489077997641418
6,0.7353619988601177,0.5407572693675476,0.332403598075448,0.7419287357924831,0.6562960681972727
7,0.7418760201588003,0.5503800292866606,0.33672686702461474,0.7397671013178997,0.6601471463081706
8,0.7389565348093851,0.546056760337494,0.33630848615856634,0.7394881807405341,0.6607675184642792
9,0.7321784957895676,0.5360853496966739,0.33107872533296145,0.7428352276689213,0.6536803213601321
10,0.7244232646135595,0.5247890663133673,0.332054947353741,0.7386514190084373,0.6583463733297116
AVG,0.7337233172942361,0.5384204759279968,0.33294874555226345,0.741046184619562,0.6568934564754849
,,,,,
,,Predicted 1,Predicted 2,Predicted 3,Predicted 4,Predicted 5
AVG,True 1,0.7669955818327945,0.003443276549474447,0.09501297944062337,0.030607698556073048,0.10394046362103472
,True 2,0.4254249549048129,0.00691199695675695,0.2868919165415539,0.12655182789462768,0.1542193037022486
,True 3,0.11726933414686497,0.0022792030191972528,0.25961096407040984,0.29834891487268217,0.32249158389084576
,True 4,0.013691088851288209,0.00019420409238849964,0.03861320206104827,0.2338163909452624,0.7136851140500127
,True 5,0.0026703845164487284,0.0,0.0040150430195087005,0.03564293137078524,0.9576716410932573
0,True 1,0.7840112201963534,0.001402524544179523,0.09396914446002805,0.029453015427769985,0.091164095371669
,True 2,0.43859649122807015,0.011695906432748537,0.26900584795321636,0.1286549707602339,0.15204678362573099
,True 3,0.11617312072892938,0.003416856492027335,0.24715261958997722,0.3052391799544419,0.32801822323462415
,True 4,0.013883944464222144,0.000355998576005696,0.03987184051263795,0.23567105731577073,0.7102171591313635
,True 5,0.0028125,0.0,0.004375,0.034791666666666665,0.9580208333333333
1,True 1,0.7517531556802244,0.0,0.0729312762973352,0.03927068723702665,0.13604488078541374
,True 2,0.47368421052631576,0.005847953216374269,0.24561403508771928,0.11695906432748537,0.15789473684210525
,True 3,0.1252847380410023,0.0011389521640091116,0.255125284738041,0.30296127562642367,0.31548974943052394
,True 4,0.016375934496262016,0.000355998576005696,0.030615877536489856,0.23495906016375934,0.7176931292274831
,True 5,0.0028125,0.0,0.0036458333333333334,0.035520833333333335,0.9580208333333333
2,True 1,0.7713884992987378,0.0070126227208976155,0.10518934081346423,0.029453015427769985,0.08695652173913043
,True 2,0.4093567251461988,0.0,0.260233918128655,0.12280701754385964,0.20760233918128654
,True 3,0.11845102505694761,0.003416856492027335,0.2630979498861048,0.30068337129840544,0.3143507972665148
,True 4,0.01245995016019936,0.0,0.046279814880740476,0.23175507297970807,0.7095051619793521
,True 5,0.0025,0.0,0.004375,0.035104166666666665,0.9580208333333333
3,True 1,0.7935393258426966,0.0056179775280898875,0.08707865168539326,0.021067415730337078,0.09269662921348315
,True 2,0.3830409356725146,0.008771929824561403,0.30701754385964913,0.12573099415204678,0.17543859649122806
,True 3,0.11389521640091116,0.003416856492027335,0.2619589977220957,0.3041002277904328,0.31662870159453305
,True 4,0.011035955856176576,0.0,0.03809184763260947,0.23709505161979352,0.7137771448914204
,True 5,0.0032291666666666666,0.0,0.0032291666666666666,0.03395833333333333,0.9595833333333333
4,True 1,0.7528089887640449,0.0,0.0997191011235955,0.0351123595505618,0.11235955056179775
,True 2,0.4298245614035088,0.005847953216374269,0.30116959064327486,0.12280701754385964,0.14035087719298245
,True 3,0.1082004555808656,0.0,0.26651480637813213,0.30751708428246016,0.31776765375854216
,True 4,0.01423994304022784,0.0,0.03844784620861517,0.23780704877180492,0.7095051619793521
,True 5,0.0022916666666666667,0.0,0.004166666666666667,0.03791666666666667,0.955625
5,True 1,0.7727910238429172,0.0070126227208976155,0.08976157082748948,0.03225806451612903,0.09817671809256662
,True 2,0.39766081871345027,0.014619883040935672,0.30994152046783624,0.15497076023391812,0.12280701754385964
,True 3,0.1265678449258837,0.004561003420752566,0.27137970353477764,0.27137970353477764,0.3261117445838084
,True 4,0.012103951584193664,0.000711997152011392,0.041651833392666426,0.23246707013171947,0.713065147739409
,True 5,0.0027083333333333334,0.0,0.0034375,0.03770833333333334,0.9561458333333334
6,True 1,0.7559607293127629,0.005610098176718092,0.08695652173913043,0.03506311360448808,0.11640953716690042
,True 2,0.42105263157894735,0.0029239766081871343,0.30409356725146197,0.13157894736842105,0.14035087719298245
,True 3,0.10832383124287344,0.0034207525655644243,0.2748004561003421,0.29304446978335236,0.3204104903078677
,True 4,0.013171947312210752,0.0,0.03844784620861517,0.23567105731577073,0.7127091491634033
,True 5,0.002395833333333333,0.0,0.0046875,0.034895833333333334,0.9580208333333333
7,True 1,0.7503506311360448,0.002805049088359046,0.11220196353436185,0.023842917251051893,0.11079943899018233
,True 2,0.4415204678362573,0.014619883040935672,0.28654970760233917,0.13450292397660818,0.12280701754385964
,True 3,0.10718358038768529,0.002280501710376283,0.2645381984036488,0.29418472063854045,0.33181299885974913
,True 4,0.016375934496262016,0.0,0.042007831968672124,0.23389106443574226,0.7077251690993236
,True 5,0.0032291666666666666,0.0,0.004791666666666666,0.035729166666666666,0.95625
8,True 1,0.7517531556802244,0.004207573632538569,0.0967741935483871,0.03927068723702665,0.10799438990182328
,True 2,0.4093567251461988,0.0029239766081871343,0.2982456140350877,0.1286549707602339,0.1608187134502924
,True 3,0.13112884834663627,0.002280501710376283,0.2508551881413911,0.27936145952109465,0.3363740022805017
,True 4,0.01103988603988604,0.0,0.03881766381766382,0.2264957264957265,0.7236467236467237
,True 5,0.002499739610457244,0.0,0.0034371419643787105,0.034579731277991875,0.9594833871471722
9,True 1,0.761570827489481,0.001402524544179523,0.10518934081346423,0.029453015427769985,0.10238429172510519
,True 2,0.4269005847953216,0.005847953216374269,0.28654970760233917,0.13742690058479531,0.14327485380116958
,True 3,0.11402508551881414,0.0,0.2611174458380844,0.31584948688711517,0.3090079817559863
,True 4,0.01638176638176638,0.0,0.035256410256410256,0.24216524216524216,0.7061965811965812
,True 5,0.0026038954275596294,0.0,0.0042703885011977916,0.03499635454640142,0.9581293615248412
10,True 1,0.791023842917251,0.002805049088359046,0.09537166900420757,0.02244039270687237,0.08835904628330996
,True 2,0.44868035190615835,0.002932551319648094,0.2873900293255132,0.08797653958944282,0.17302052785923755
,True 3,0.12072892938496584,0.0011389521640091116,0.23917995444191345,0.30751708428246016,0.3314350797266515
,True 4,0.013532763532763533,0.0007122507122507123,0.035256410256410256,0.224002849002849,0.7264957264957265
,True 5,0.002291427976252474,0.0,0.003749609415685866,0.03687115925424435,0.9570878033538173
,,Predicted 1,Predicted 2,Predicted 3,Predicted 4,Predicted 5
AVG,True 1,546.7272727272727,2.4545454545454546,67.72727272727273,21.818181818181817,74.0909090909091
,True 2,145.45454545454547,2.3636363636363638,98.0909090909091,43.27272727272727,52.72727272727273
,True 3,102.9090909090909,2.0,227.8181818181818,261.8181818181818,283.0
,True 4,38.45454545454545,0.5454545454545454,108.45454545454545,656.7272727272727,2004.5454545454545
,True 5,25.636363636363637,0.0,38.54545454545455,342.1818181818182,9193.90909090909
0,True 1,559.0,1.0,67.0,21.0,65.0
,True 2,150.0,4.0,92.0,44.0,52.0
,True 3,102.0,3.0,217.0,268.0,288.0
,True 4,39.0,1.0,112.0,662.0,1995.0
,True 5,27.0,0.0,42.0,334.0,9197.0
1,True 1,536.0,0.0,52.0,28.0,97.0
,True 2,162.0,2.0,84.0,40.0,54.0
,True 3,110.0,1.0,224.0,266.0,277.0
,True 4,46.0,1.0,86.0,660.0,2016.0
,True 5,27.0,0.0,35.0,341.0,9197.0
2,True 1,550.0,5.0,75.0,21.0,62.0
,True 2,140.0,0.0,89.0,42.0,71.0
,True 3,104.0,3.0,231.0,264.0,276.0
,True 4,35.0,0.0,130.0,651.0,1993.0
,True 5,24.0,0.0,42.0,337.0,9197.0
3,True 1,565.0,4.0,62.0,15.0,66.0
,True 2,131.0,3.0,105.0,43.0,60.0
,True 3,100.0,3.0,230.0,267.0,278.0
,True 4,31.0,0.0,107.0,666.0,2005.0
,True 5,31.0,0.0,31.0,326.0,9212.0
4,True 1,536.0,0.0,71.0,25.0,80.0
,True 2,147.0,2.0,103.0,42.0,48.0
,True 3,95.0,0.0,234.0,270.0,279.0
,True 4,40.0,0.0,108.0,668.0,1993.0
,True 5,22.0,0.0,40.0,364.0,9174.0
5,True 1,551.0,5.0,64.0,23.0,70.0
,True 2,136.0,5.0,106.0,53.0,42.0
,True 3,111.0,4.0,238.0,238.0,286.0
,True 4,34.0,2.0,117.0,653.0,2003.0
,True 5,26.0,0.0,33.0,362.0,9179.0
6,True 1,539.0,4.0,62.0,25.0,83.0
,True 2,144.0,1.0,104.0,45.0,48.0
,True 3,95.0,3.0,241.0,257.0,281.0
,True 4,37.0,0.0,108.0,662.0,2002.0
,True 5,23.0,0.0,45.0,335.0,9197.0
7,True 1,535.0,2.0,80.0,17.0,79.0
,True 2,151.0,5.0,98.0,46.0,42.0
,True 3,94.0,2.0,232.0,258.0,291.0
,True 4,46.0,0.0,118.0,657.0,1988.0
,True 5,31.0,0.0,46.0,343.0,9180.0
8,True 1,536.0,3.0,69.0,28.0,77.0
,True 2,140.0,1.0,102.0,44.0,55.0
,True 3,115.0,2.0,220.0,245.0,295.0
,True 4,31.0,0.0,109.0,636.0,2032.0
,True 5,24.0,0.0,33.0,332.0,9212.0
9,True 1,543.0,1.0,75.0,21.0,73.0
,True 2,146.0,2.0,98.0,47.0,49.0
,True 3,100.0,0.0,229.0,277.0,271.0
,True 4,46.0,0.0,99.0,680.0,1983.0
,True 5,25.0,0.0,41.0,336.0,9199.0
10,True 1,564.0,2.0,68.0,16.0,63.0
,True 2,153.0,1.0,98.0,30.0,59.0
,True 3,106.0,1.0,210.0,270.0,291.0
,True 4,38.0,2.0,99.0,629.0,2040.0
,True 5,22.0,0.0,36.0,354.0,9189.0
