,Rounded RMSE,Rounded MSE,Rounded MAE,Accuracy,Log Loss
0,1.7425514804415443,3.0364856619890177,1.366791597664081,0.21605508585374358,1.927733553694129
1,1.766205118178667,3.1194805194805193,1.3802667131526192,0.2282227839274819,1.8075014886827663
2,1.7318092426287972,2.9991632528545282,1.361091257735553,0.20974461779830908,2.0353333925946733
3,1.7593668583759352,3.0953717423516083,1.366687004270897,0.237601324849647,1.7472701217709434
4,1.753630543167942,3.075220081931491,1.3735901682210407,0.21987274470495946,1.8963966632770042
5,1.756376982978488,3.0848601063366163,1.3835788372701123,0.21063366164037306,2.000572005878665
6,1.7518751393766145,3.069066503965833,1.3820796653011418,0.2062581713588425,1.9697234708554867
7,1.7493259276306399,3.0601412010807985,1.3748278567070513,0.21265580057526368,1.941417525374482
8,1.7382496223296933,3.0215117495293216,1.3619691792762012,0.21696534411826232,1.956771779263972
9,1.7383599354918415,3.021895265323199,1.3643051391116379,0.21483857471584966,1.9699407109908977
10,1.7380339900236852,3.0207621504776516,1.3661704204727705,0.21074192873579248,2.002195772592485
AVG,1.7477986218748953,3.054905294120053,1.371032530834828,0.2166900034798659,1.9322596804523187
,,,,,
,,Predicted 1,Predicted 2,Predicted 3,Predicted 4,Predicted 5
AVG,True 1,0.5727899773496827,0.3655786595521823,0.04393584450863631,0.012721656994132436,0.004973861595366414
,True 2,0.25658259334577055,0.5362279379479933,0.16763926758440292,0.03190609362403148,0.007644107497801717
,True 3,0.06635416968655362,0.47095378855561143,0.26816207411479415,0.1593586324432237,0.03517133519981711
,True 4,0.00976655743010883,0.351482785127645,0.14049439656916293,0.4227131124327386,0.07554314844034471
,True 5,0.010508800904707342,0.3430474295423573,0.034575580220843366,0.4979807102980469,0.11388747903404503
0,True 1,0.5809957924263675,0.3576437587657784,0.04523141654978962,0.011220196353436185,0.004908835904628331
,True 2,0.26993416239941476,0.5186539868324799,0.16752011704462327,0.02852962692026335,0.015362106803218726
,True 3,0.07492877492877494,0.4774928774928775,0.26638176638176636,0.15156695156695157,0.02962962962962963
,True 4,0.008544726301735648,0.3517578994214508,0.1405429461504228,0.4296395193591455,0.06951490876724521
,True 5,0.01031223145230593,0.340538006822739,0.032967891461159866,0.5050910132548632,0.11109085700893206
1,True 1,0.5815503332164152,0.35671694142406174,0.043493511048754825,0.011925640126271484,0.006313574184496668
,True 2,0.2631578947368421,0.5138888888888888,0.1834795321637427,0.031432748538011694,0.00804093567251462
,True 3,0.0737891737891738,0.45413105413105415,0.27663817663817664,0.15071225071225072,0.04472934472934473
,True 4,0.009167779261237205,0.36128170894526035,0.145260347129506,0.3926123720516244,0.09167779261237205
,True 5,0.009296632900184891,0.3569177885992552,0.03726465456628734,0.4572276763625947,0.13929324757167783
2,True 1,0.5626096106629253,0.3784636969484391,0.041739740441950196,0.011925640126271484,0.00526131182041389
,True 2,0.2543859649122807,0.5263157894736842,0.18201754385964913,0.02850877192982456,0.008771929824561403
,True 3,0.06267806267806268,0.4720797720797721,0.258974358974359,0.17863247863247864,0.027635327635327635
,True 4,0.010235870048954161,0.3443702714730752,0.13030707610146863,0.4484201157098353,0.06666666666666667
,True 5,0.010416395406369626,0.33415796463633757,0.03049399755214708,0.5269914845967553,0.09794015780839041
3,True 1,0.5864608909154683,0.3454928095405121,0.04805331462644686,0.013328656611715188,0.006664328305857594
,True 2,0.24926900584795322,0.5365497076023392,0.17543859649122806,0.029239766081871343,0.009502923976608187
,True 3,0.06324786324786325,0.4754985754985755,0.28034188034188035,0.14074074074074075,0.040170940170940174
,True 4,0.011303960836671118,0.3578994214508233,0.15024477080551846,0.3811303960836671,0.09942145082331998
,True 5,0.01031223145230593,0.3514231400223953,0.03940001562459311,0.44371240332283013,0.15515220957787557
4,True 1,0.5584005612065942,0.3774114345843564,0.04419501929147668,0.014731673097158891,0.00526131182041389
,True 2,0.24049707602339182,0.5635964912280702,0.15497076023391812,0.03216374269005848,0.008771929824561403
,True 3,0.0603988603988604,0.49002849002849,0.2623931623931624,0.15213675213675212,0.03504273504273504
,True 4,0.011303960836671118,0.3570983533600356,0.13404539385847797,0.416733422340899,0.08081886960391634
,True 5,0.010520559360433323,0.3469961719746882,0.03275956355303247,0.48871123147834694,0.12101247363349912
5,True 1,0.5843563661873027,0.35566467905997895,0.04033672395650649,0.01683619782532445,0.0028060329708874078
,True 2,0.2595029239766082,0.5423976608187134,0.15789473684210525,0.035818713450292396,0.0043859649122807015
,True 3,0.0584045584045584,0.4658119658119658,0.2692307692307692,0.17207977207977207,0.03447293447293447
,True 4,0.010235870048954161,0.35149087672452156,0.14161103693813973,0.42456608811748997,0.07209612817089453
,True 5,0.01005182156714669,0.34788156558422956,0.03671779380745293,0.5022265045181115,0.1031223145230593
6,True 1,0.5678709224833391,0.3668888109435286,0.04840406874780779,0.012627148368993335,0.004209049456331112
,True 2,0.24415204678362573,0.5387426900584795,0.17105263157894737,0.03874269005847953,0.007309941520467836
,True 3,0.06438746438746439,0.4777777777777778,0.2623931623931624,0.16011396011396012,0.035327635327635325
,True 4,0.009523809523809525,0.3558522474410325,0.14125500667556742,0.4370271473075211,0.05634178905206943
,True 5,0.011327830004426968,0.34225671206478997,0.033280383323350954,0.5182156714668888,0.09491940314054322
7,True 1,0.5629603647842862,0.3732023851280252,0.047351806383725006,0.012977902490354262,0.00350754121360926
,True 2,0.2565789473684211,0.5190058479532164,0.1834795321637427,0.03216374269005848,0.008771929824561403
,True 3,0.05925925925925926,0.45783475783475786,0.27834757834757834,0.16951566951566951,0.03504273504273504
,True 4,0.009434801958166443,0.34686248331108144,0.1408989764129951,0.4293724966622163,0.07343124165554073
,True 5,0.010260149475274082,0.3455899585948283,0.0320304158745866,0.5057941199447931,0.10632535611051795
8,True 1,0.5629603647842862,0.37986671343388284,0.041739740441950196,0.009470361276745002,0.005962820063135742
,True 2,0.2582297000731529,0.5501097293343087,0.1528895391367959,0.033650329188002925,0.005120702267739576
,True 3,0.06550840216462546,0.4742238678439191,0.2623184277983481,0.16320136713187125,0.034747935061236114
,True 4,0.010680907877169559,0.34686248331108144,0.13724966622162885,0.4298175344904317,0.07538940809968847
,True 5,0.011015625,0.336328125,0.03484375,0.5048177083333333,0.11299479166666666
9,True 1,0.5767882187938289,0.36220196353436185,0.04453015427769986,0.012622720897615708,0.0038569424964936885
,True 2,0.25457205559619606,0.5493782004389174,0.15947329919531822,0.033650329188002925,0.002926115581565472
,True 3,0.07407407407407407,0.45356125356125354,0.27464387464387463,0.16182336182336182,0.035897435897435895
,True 4,0.007832665776591011,0.34463729417000444,0.13983088562527815,0.4294615042278594,0.07823765020026702
,True 5,0.010729166666666666,0.3365625,0.03692708333333333,0.5079947916666666,0.10778645833333333
10,True 1,0.5757363253856943,0.36781206171107994,0.038218793828892005,0.012272089761570827,0.005960729312762973
,True 2,0.2721287490855889,0.5398683247988295,0.15581565471836137,0.027066569129480616,0.005120702267739576
,True 3,0.07321937321937322,0.48205128205128206,0.25811965811965815,0.15242165242165243,0.03418803418803419
,True 4,0.009167779261237205,0.34819759679572765,0.14419225634178906,0.4310636404094348,0.0673787271918113
,True 5,0.011354166666666667,0.3348697916666667,0.03364583333333333,0.5170052083333333,0.103125
,,Predicted 1,Predicted 2,Predicted 3,Predicted 4,Predicted 5
AVG,True 1,1633.1818181818182,1042.3636363636363,125.27272727272727,36.27272727272727,14.181818181818182
,True 2,350.90909090909093,733.3636363636364,229.27272727272728,43.63636363636363,10.454545454545455
,True 3,232.9090909090909,1653.090909090909,941.2727272727273,559.3636363636364,123.45454545454545
,True 4,109.72727272727273,3948.909090909091,1578.4545454545455,4749.181818181818,848.7272727272727
,True 5,403.54545454545456,13173.272727272728,1327.7272727272727,19122.81818181818,4373.363636363636
0,True 1,1657.0,1020.0,129.0,32.0,14.0
,True 2,369.0,709.0,229.0,39.0,21.0
,True 3,263.0,1676.0,935.0,532.0,104.0
,True 4,96.0,3952.0,1579.0,4827.0,781.0
,True 5,396.0,13077.0,1266.0,19396.0,4266.0
1,True 1,1658.0,1017.0,124.0,34.0,18.0
,True 2,360.0,703.0,251.0,43.0,11.0
,True 3,259.0,1594.0,971.0,529.0,157.0
,True 4,103.0,4059.0,1632.0,4411.0,1030.0
,True 5,357.0,13706.0,1431.0,17558.0,5349.0
2,True 1,1604.0,1079.0,119.0,34.0,15.0
,True 2,348.0,720.0,249.0,39.0,12.0
,True 3,220.0,1657.0,909.0,627.0,97.0
,True 4,115.0,3869.0,1464.0,5038.0,749.0
,True 5,400.0,12832.0,1171.0,20237.0,3761.0
3,True 1,1672.0,985.0,137.0,38.0,19.0
,True 2,341.0,734.0,240.0,40.0,13.0
,True 3,222.0,1669.0,984.0,494.0,141.0
,True 4,127.0,4021.0,1688.0,4282.0,1117.0
,True 5,396.0,13495.0,1513.0,17039.0,5958.0
4,True 1,1592.0,1076.0,126.0,42.0,15.0
,True 2,329.0,771.0,212.0,44.0,12.0
,True 3,212.0,1720.0,921.0,534.0,123.0
,True 4,127.0,4012.0,1506.0,4682.0,908.0
,True 5,404.0,13325.0,1258.0,18767.0,4647.0
5,True 1,1666.0,1014.0,115.0,48.0,8.0
,True 2,355.0,742.0,216.0,49.0,6.0
,True 3,205.0,1635.0,945.0,604.0,121.0
,True 4,115.0,3949.0,1591.0,4770.0,810.0
,True 5,386.0,13359.0,1410.0,19286.0,3960.0
6,True 1,1619.0,1046.0,138.0,36.0,12.0
,True 2,334.0,737.0,234.0,53.0,10.0
,True 3,226.0,1677.0,921.0,562.0,124.0
,True 4,107.0,3998.0,1587.0,4910.0,633.0
,True 5,435.0,13143.0,1278.0,19900.0,3645.0
7,True 1,1605.0,1064.0,135.0,37.0,10.0
,True 2,351.0,710.0,251.0,44.0,12.0
,True 3,208.0,1607.0,977.0,595.0,123.0
,True 4,106.0,3897.0,1583.0,4824.0,825.0
,True 5,394.0,13271.0,1230.0,19423.0,4083.0
8,True 1,1605.0,1083.0,119.0,27.0,17.0
,True 2,353.0,752.0,209.0,46.0,7.0
,True 3,230.0,1665.0,921.0,573.0,122.0
,True 4,120.0,3897.0,1542.0,4829.0,847.0
,True 5,423.0,12915.0,1338.0,19385.0,4339.0
9,True 1,1645.0,1033.0,127.0,36.0,11.0
,True 2,348.0,751.0,218.0,46.0,4.0
,True 3,260.0,1592.0,964.0,568.0,126.0
,True 4,88.0,3872.0,1571.0,4825.0,879.0
,True 5,412.0,12924.0,1418.0,19507.0,4139.0
10,True 1,1642.0,1049.0,109.0,35.0,17.0
,True 2,372.0,738.0,213.0,37.0,7.0
,True 3,257.0,1692.0,906.0,535.0,120.0
,True 4,103.0,3912.0,1620.0,4843.0,757.0
,True 5,436.0,12859.0,1292.0,19853.0,3960.0
