,Rounded RMSE,Rounded MSE,Rounded MAE,Accuracy,Log Loss
0,1.9046475749411922,3.6276823847293644,1.4605770068857318,0.2949359365466748,1.616844747392238
1,1.9329472810500417,3.7362851913187485,1.5032511113048026,0.27379063889131006,1.681325287043173
2,1.927474338582898,3.715157325895581,1.5083761875708184,0.2592521572387344,1.6986623362101498
3,1.9393398260848873,3.761038961038961,1.5120369563322584,0.2695894709317528,1.7221823772596025
4,1.941145723118769,3.7680467183822888,1.523646822975682,0.2575437984833958,1.696885391135138
5,1.9514905008116559,3.808315174758128,1.5379761178418896,0.2518608907870653,1.7232415872661329
6,1.9324106074246399,3.7342107556872657,1.5030244922862372,0.274104419070862,1.6672062914191017
7,1.9455814544822974,3.7852871960254513,1.5257909875359539,0.26080362590429707,1.7173682729206319
8,1.9317552651861203,3.7316784045742977,1.5157590126211562,0.25474164981521513,1.712936935207524
9,1.9453430362340274,3.784359528624224,1.530158287427655,0.25409664598005716,1.7144060311184106
10,1.9412793850785357,3.7685656509308973,1.5189317341886899,0.2632835924970365,1.6894354315592814
AVG,1.9357649993631876,3.747329753815019,1.512684428815534,0.264909347831491,1.6945904262301257
,,,,,
,,Predicted 1,Predicted 2,Predicted 3,Predicted 4,Predicted 5
AVG,True 1,0.5526079080989319,0.3908940576312769,0.04132133321628113,0.0085130547571324,0.006663646296377707
,True 2,0.24873907519347016,0.5515153751350956,0.1631199571271954,0.02466100188735233,0.011964590656886504
,True 3,0.06267646928427334,0.5081971036969612,0.24876342683235306,0.13234569474956828,0.048017305436844036
,True 4,0.008674191851761947,0.4522393494356111,0.11599304122668609,0.3096573208722741,0.1134360966136667
,True 5,0.0075756220072591245,0.4796949762420368,0.0244337363003686,0.2665717115681371,0.22172395388219845
0,True 1,0.5592566619915849,0.3867461430575035,0.04102384291725105,0.0070126227208976155,0.005960729312762973
,True 2,0.2670080468178493,0.53474762253109,0.16093635698610095,0.024140453547915143,0.013167520117044623
,True 3,0.06951566951566951,0.5096866096866097,0.24216524216524216,0.13133903133903133,0.0472934472934473
,True 4,0.007654650645304851,0.4497552291944815,0.11357365376056965,0.30876724521584337,0.12024922118380062
,True 5,0.006614411083044712,0.4656389156532382,0.023541053618395355,0.2366605036327179,0.26754511601260383
1,True 1,0.5661171518765346,0.37986671343388284,0.03963521571378464,0.008418098912662224,0.005962820063135742
,True 2,0.2573099415204678,0.5263157894736842,0.179093567251462,0.021929824561403508,0.015350877192982455
,True 3,0.06837606837606838,0.488034188034188,0.25213675213675213,0.13532763532763534,0.05612535612535612
,True 4,0.007832665776591011,0.45091232754784155,0.10618602581219404,0.32229639519359143,0.11277258566978193
,True 5,0.0065362881174969405,0.4827218041196844,0.02044217598500039,0.25942032759563555,0.23087940418218275
2,True 1,0.5429673798667134,0.4037179936864258,0.038933707471062784,0.008418098912662224,0.005962820063135742
,True 2,0.24049707602339182,0.5533625730994152,0.17470760233918128,0.019736842105263157,0.011695906432748537
,True 3,0.05811965811965812,0.5133903133903134,0.249002849002849,0.13276353276353275,0.046723646723646726
,True 4,0.008722741433021807,0.4423676012461059,0.11784601691143748,0.31517578994214507,0.11588785046728972
,True 5,0.007630009635165751,0.4737637040702065,0.02518163589489857,0.2811385120179162,0.21228613838181298
3,True 1,0.5703262013328657,0.3644335320940021,0.0445457734128376,0.011574886004910558,0.009119607155384075
,True 2,0.24342105263157895,0.5533625730994152,0.16739766081871346,0.021198830409356724,0.014619883040935672
,True 3,0.05783475783475783,0.5068376068376068,0.2501424501424501,0.14245014245014245,0.042735042735042736
,True 4,0.01032487761459724,0.45144637294170004,0.10244770805518469,0.3353805073431242,0.10040053404539385
,True 5,0.007343558761490586,0.4837374026718054,0.021952553318923988,0.2672847061274446,0.2196817791203354
4,True 1,0.5415643633812697,0.39880743598737284,0.045247281655559454,0.007716590669940372,0.006664328305857594
,True 2,0.22880116959064328,0.5847953216374269,0.1476608187134503,0.025584795321637425,0.013157894736842105
,True 3,0.05982905982905983,0.5207977207977208,0.25071225071225073,0.12051282051282051,0.04814814814814815
,True 4,0.009612817089452604,0.45189141076991546,0.11918113039608366,0.30280373831775703,0.11651090342679128
,True 5,0.007395640738522434,0.4818884924871748,0.025468086768573733,0.2730658055779797,0.21218197442774928
5,True 1,0.5629603647842862,0.38653104173974046,0.03402314977200982,0.012627148368993335,0.003858295334970186
,True 2,0.25146198830409355,0.5635964912280702,0.15058479532163743,0.027046783625730993,0.007309941520467836
,True 3,0.0547008547008547,0.507977207977208,0.25270655270655273,0.14074074074074075,0.043874643874643876
,True 4,0.009345794392523364,0.4564307966177125,0.12140631953716066,0.3034267912772586,0.1093902981753449
,True 5,0.007551886669617979,0.48842478060467176,0.02562433269966928,0.2759042733262155,0.20249472669982552
6,True 1,0.5471764293230446,0.3924938618028762,0.04665029814100315,0.00701508242721852,0.006664328305857594
,True 2,0.23830409356725146,0.5519005847953217,0.16593567251461988,0.02850877192982456,0.015350877192982455
,True 3,0.06153846153846154,0.5247863247863248,0.24045584045584045,0.1267806267806268,0.04643874643874644
,True 4,0.00818869603916333,0.46515353805073434,0.11321762349799733,0.29603916332888297,0.11740097908322207
,True 5,0.00781229655477722,0.4772271555428244,0.024166037342777533,0.2502018176609984,0.24059269289862242
7,True 1,0.5440196422307962,0.39600140301648545,0.0445457734128376,0.009821115398105928,0.0056120659417748155
,True 2,0.2507309941520468,0.5299707602339181,0.17982456140350878,0.02850877192982456,0.010964912280701754
,True 3,0.05754985754985755,0.4962962962962963,0.25726495726495724,0.13760683760683762,0.05128205128205128
,True 4,0.008455718736092568,0.45295950155763237,0.12158433466844681,0.30965732087227416,0.10734312416555407
,True 5,0.006380042186401396,0.4886331085127991,0.023410848675815735,0.2653576729772662,0.2162183276477175
8,True 1,0.5401613468958261,0.40652402665731324,0.039284461592423714,0.005962820063135742,0.008067344791301298
,True 2,0.24579370885149962,0.5588880760790051,0.16020482809070957,0.023408924652523776,0.011704462326261888
,True 3,0.0615209342067787,0.5098262603246938,0.2440900028481914,0.13272571916832812,0.05183708345200797
,True 4,0.009879839786381843,0.4459279038718291,0.11962616822429907,0.3090342679127726,0.1155318202047174
,True 5,0.009088541666666667,0.47130208333333334,0.027265625,0.28453125,0.2078125
9,True 1,0.5561009817671809,0.3863955119214586,0.042776998597475455,0.008415147265077139,0.006311360448807854
,True 2,0.24433065106071689,0.5662033650329188,0.15215801024140455,0.027798098024871983,0.009509875640087784
,True 3,0.07094017094017094,0.49715099715099714,0.2535612535612536,0.13105413105413105,0.0472934472934473
,True 4,0.007209612817089452,0.45313751668891855,0.12363150867823765,0.29167779261237203,0.12434356920338228
,True 5,0.008984375,0.48072916666666665,0.028046875,0.27263020833333335,0.209609375
10,True 1,0.5480364656381487,0.39831697054698456,0.037868162692847124,0.006661991584852735,0.0091164095371669
,True 2,0.26847110460863205,0.5435259692757864,0.15581565471836137,0.023408924652523776,0.008778346744696415
,True 3,0.06951566951566951,0.5153846153846153,0.24415954415954416,0.1245014245014245,0.04643874643874644
,True 4,0.00818869603916333,0.4546506453048509,0.11722296395193592,0.3119715175789942,0.10796617712505563
,True 5,0.007994791666666667,0.482578125,0.023671875,0.26609375,0.21966145833333334
,,Predicted 1,Predicted 2,Predicted 3,Predicted 4,Predicted 5
AVG,True 1,1575.6363636363637,1114.5454545454545,117.81818181818181,24.272727272727273,19.0
,True 2,340.1818181818182,754.2727272727273,223.0909090909091,33.72727272727273,16.363636363636363
,True 3,220.0,1783.8181818181818,873.1818181818181,464.54545454545456,168.54545454545453
,True 4,97.45454545454545,5080.909090909091,1303.1818181818182,3479.0,1274.4545454545455
,True 5,290.90909090909093,18420.636363636364,938.2727272727273,10236.545454545454,8514.363636363636
0,True 1,1595.0,1103.0,117.0,20.0,17.0
,True 2,365.0,731.0,220.0,33.0,18.0
,True 3,244.0,1789.0,850.0,461.0,166.0
,True 4,86.0,5053.0,1276.0,3469.0,1351.0
,True 5,254.0,17881.0,904.0,9088.0,10274.0
1,True 1,1614.0,1083.0,113.0,24.0,17.0
,True 2,352.0,720.0,245.0,30.0,21.0
,True 3,240.0,1713.0,885.0,475.0,197.0
,True 4,88.0,5066.0,1193.0,3621.0,1267.0
,True 5,251.0,18537.0,785.0,9962.0,8866.0
2,True 1,1548.0,1151.0,111.0,24.0,17.0
,True 2,329.0,757.0,239.0,27.0,16.0
,True 3,204.0,1802.0,874.0,466.0,164.0
,True 4,98.0,4970.0,1324.0,3541.0,1302.0
,True 5,293.0,18193.0,967.0,10796.0,8152.0
3,True 1,1626.0,1039.0,127.0,33.0,26.0
,True 2,333.0,757.0,229.0,29.0,20.0
,True 3,203.0,1779.0,878.0,500.0,150.0
,True 4,116.0,5072.0,1151.0,3768.0,1128.0
,True 5,282.0,18576.0,843.0,10264.0,8436.0
4,True 1,1544.0,1137.0,129.0,22.0,19.0
,True 2,313.0,800.0,202.0,35.0,18.0
,True 3,210.0,1828.0,880.0,423.0,169.0
,True 4,108.0,5077.0,1339.0,3402.0,1309.0
,True 5,284.0,18505.0,978.0,10486.0,8148.0
5,True 1,1605.0,1102.0,97.0,36.0,11.0
,True 2,344.0,771.0,206.0,37.0,10.0
,True 3,192.0,1783.0,887.0,494.0,154.0
,True 4,105.0,5128.0,1364.0,3409.0,1229.0
,True 5,290.0,18756.0,984.0,10595.0,7776.0
6,True 1,1560.0,1119.0,133.0,20.0,19.0
,True 2,326.0,755.0,227.0,39.0,21.0
,True 3,216.0,1842.0,844.0,445.0,163.0
,True 4,92.0,5226.0,1272.0,3326.0,1319.0
,True 5,300.0,18326.0,928.0,9608.0,9239.0
7,True 1,1551.0,1129.0,127.0,28.0,16.0
,True 2,343.0,725.0,246.0,39.0,15.0
,True 3,202.0,1742.0,903.0,483.0,180.0
,True 4,95.0,5089.0,1366.0,3479.0,1206.0
,True 5,245.0,18764.0,899.0,10190.0,8303.0
8,True 1,1540.0,1159.0,112.0,17.0,23.0
,True 2,336.0,764.0,219.0,32.0,16.0
,True 3,216.0,1790.0,857.0,466.0,182.0
,True 4,111.0,5010.0,1344.0,3472.0,1298.0
,True 5,349.0,18098.0,1047.0,10926.0,7980.0
9,True 1,1586.0,1102.0,122.0,24.0,18.0
,True 2,334.0,774.0,208.0,38.0,13.0
,True 3,249.0,1745.0,890.0,460.0,166.0
,True 4,81.0,5091.0,1389.0,3277.0,1397.0
,True 5,345.0,18460.0,1077.0,10469.0,8049.0
10,True 1,1563.0,1136.0,108.0,19.0,26.0
,True 2,367.0,743.0,213.0,32.0,12.0
,True 3,244.0,1809.0,857.0,437.0,163.0
,True 4,92.0,5108.0,1317.0,3505.0,1213.0
,True 5,307.0,18531.0,909.0,10218.0,8435.0
