,Rounded RMSE,Rounded MSE,Rounded MAE,Accuracy,Log Loss
0,0.8254113707530085,0.6813039309683605,0.43794996949359366,0.6506232023010546,0.9148720779857293
1,0.8198594033716745,0.6721694412969581,0.4389261744966443,0.6474854005055347,0.9181256382416781
2,0.8288256597139693,0.6869519742002963,0.4443998954066068,0.6449577268369214,0.920146252218589
3,0.8330215285808822,0.6939248670792295,0.44304018129521483,0.6474854005055347,0.9163277081842135
4,0.8278154866329528,0.6852784799093524,0.4422731630785322,0.6459687963043668,0.9181939858605377
5,0.8247669760631321,0.6802405648043232,0.43699119672274034,0.6513379238211453,0.9160046963267304
6,0.8232861302710599,0.6778000522966966,0.43528283796740175,0.6530288503442866,0.9155452982202407
7,0.8219086701763422,0.6755338621110433,0.4369563322583457,0.6503617188180947,0.917303995653028
8,0.8229862237753994,0.6773063245240918,0.43541245380377935,0.6531796945819678,0.91237012760533
9,0.8230179962384466,0.6773586221323478,0.4373823303814239,0.6501464333031169,0.917088733768071
10,0.8291798497347798,0.687539223206192,0.43929990935081237,0.6506171117774214,0.9148057211131683
AVG,0.8254617541192406,0.6814006675026265,0.4389013131140995,0.6495629326454041,0.916434930470665
,,,,,
,,Predicted 1,Predicted 2,Predicted 3,Predicted 4,Predicted 5
AVG,True 1,0.7286382779587104,0.18403247653115934,0.05646596864375328,0.011382380443849982,0.019480896422527098
,True 2,0.33987217495091054,0.39916296138141905,0.20552714610004877,0.03456537227664937,0.020872345290972327
,True 3,0.10212130875759472,0.2316694318688053,0.3989797189740226,0.19012724355931424,0.07710229684026323
,True 4,0.019338916535178215,0.03776348262329571,0.17524780515434724,0.4287170773152082,0.33893271837197064
,True 5,0.01000217871338578,0.007383857191218979,0.03569060898824447,0.2067953119241884,0.7401280431829625
0,True 1,0.7226507713884993,0.18653576437587657,0.06030855539971949,0.010869565217391304,0.019635343618513323
,True 2,0.3445501097293343,0.40087783467446964,0.19312362838332114,0.03730797366495977,0.024140453547915143
,True 3,0.10740740740740741,0.23988603988603988,0.39914529914529917,0.17663817663817663,0.07692307692307693
,True 4,0.01851357365376057,0.03711615487316422,0.17561192701379616,0.42376502002670224,0.34499332443257674
,True 5,0.010416395406369626,0.006744616025624333,0.035519908335720426,0.20379677612562172,0.7435223041066639
1,True 1,0.7341283760084181,0.1795861101367941,0.053314626446860754,0.011925640126271484,0.02104524728165556
,True 2,0.3362573099415205,0.3845029239766082,0.22295321637426901,0.035818713450292396,0.02046783625730994
,True 3,0.10313390313390314,0.2282051282051282,0.4017094017094017,0.18803418803418803,0.07891737891737892
,True 4,0.01824655095683133,0.038807298620382735,0.17872719181130395,0.418958611481976,0.345260347129506
,True 5,0.008801854118382333,0.007083148876331345,0.03669175281893701,0.20767688341449442,0.7397463607718548
2,True 1,0.729919326552087,0.1739740441950193,0.06699403717993686,0.012977902490354262,0.016134689582602595
,True 2,0.3369883040935672,0.4071637426900585,0.20614035087719298,0.029970760233918127,0.019736842105263157
,True 3,0.10142450142450142,0.22962962962962963,0.39857549857549857,0.18803418803418803,0.08233618233618234
,True 4,0.018691588785046728,0.04023141967067201,0.17614597240765464,0.4202047174009791,0.34472630173564756
,True 5,0.009947657613082993,0.0071091898648472695,0.03695216270409625,0.21059347412827792,0.7353975156896956
3,True 1,0.7316730971588916,0.18274289722904244,0.0540161346895826,0.01052262364082778,0.02104524728165556
,True 2,0.3362573099415205,0.39108187134502925,0.21710526315789475,0.029970760233918127,0.025584795321637425
,True 3,0.10398860398860399,0.23048433048433048,0.40028490028490027,0.18974358974358974,0.0754985754985755
,True 4,0.020382732532265243,0.03462394303515799,0.16964842011570982,0.43916332888295506,0.33618157543391186
,True 5,0.010807010234108487,0.007395640738522434,0.03640530194526184,0.21147886773781932,0.7339131793442879
4,True 1,0.7155384075762891,0.194317783233953,0.05787443002455279,0.011925640126271484,0.020343739038933707
,True 2,0.32748538011695905,0.402046783625731,0.21783625730994152,0.03435672514619883,0.01827485380116959
,True 3,0.09287749287749288,0.24358974358974358,0.39145299145299145,0.19772079772079773,0.07435897435897436
,True 4,0.020026702269692925,0.03960836671117045,0.1777481085892301,0.43578104138851803,0.3268357810413885
,True 5,0.009973698601598916,0.007838337543293144,0.034504309783599384,0.21343194187651363,0.734251712194995
5,True 1,0.7267625394598387,0.18554893019992985,0.05612065941774816,0.013328656611715188,0.01823921431076815
,True 2,0.3406432748538012,0.3830409356725146,0.22441520467836257,0.03728070175438596,0.014619883040935672
,True 3,0.09857549857549858,0.23076923076923078,0.394017094017094,0.19772079772079773,0.07891737891737892
,True 4,0.019581664441477527,0.037828215398308856,0.17668001780151313,0.42910547396528703,0.33680462839341346
,True 5,0.01031223145230593,0.0074998046925861305,0.03468659670321085,0.2036665711830421,0.7438347959688549
6,True 1,0.7379866713433882,0.1729217818309365,0.06032970887407927,0.008418098912662224,0.020343739038933707
,True 2,0.34137426900584794,0.4071637426900585,0.19444444444444445,0.031432748538011694,0.025584795321637425
,True 3,0.10683760683760683,0.23162393162393163,0.39287749287749285,0.1925925925925926,0.07606837606837606
,True 4,0.019848687138406765,0.034445927903871826,0.17846016911437473,0.4272363150867824,0.3400089007565643
,True 5,0.01005182156714669,0.007187312830395042,0.03578031822087967,0.20166141506731597,0.7453191323142626
7,True 1,0.7344791301297791,0.18169063486495968,0.051210101718695195,0.012627148368993335,0.01999298491757278
,True 2,0.3230994152046784,0.41154970760233917,0.2054093567251462,0.041666666666666664,0.01827485380116959
,True 3,0.09316239316239316,0.21794871794871795,0.4116809116809117,0.2074074074074074,0.0698005698005698
,True 4,0.019314641744548288,0.038184245660881175,0.18219848687138407,0.4311526479750779,0.3291499777481086
,True 5,0.009400796854248588,0.007864378531809067,0.036223015025650375,0.20793729329965366,0.7385745162886383
8,True 1,0.729568572430726,0.19607155384075764,0.05050859347597334,0.006313574184496668,0.017537706068046298
,True 2,0.3445501097293343,0.401609363569861,0.20190197512801755,0.029261155815654718,0.02267739575713241
,True 3,0.09626886926801481,0.2432355454286528,0.3930504129877528,0.18712617487895186,0.08031899743662774
,True 4,0.02064975522919448,0.038362260792167334,0.1755229194481531,0.43177570093457945,0.3336893635959057
,True 5,0.00984375,0.007578125,0.036953125,0.20059895833333333,0.7450260416666666
9,True 1,0.7345722300140253,0.17847124824684432,0.05434782608695652,0.012272089761570827,0.020336605890603085
,True 2,0.3423555230431602,0.39795171909290417,0.2011704462326262,0.036576444769568395,0.021945866861741038
,True 3,0.11025641025641025,0.21566951566951567,0.405982905982906,0.18575498575498575,0.08233618233618234
,True 4,0.01789052069425901,0.03711615487316422,0.16074766355140188,0.43818424566088116,0.3460614152202937
,True 5,0.010026041666666667,0.006953125,0.034583333333333334,0.21125,0.7371875
10,True 1,0.717741935483871,0.19249649368863955,0.056100981767180924,0.014025245441795231,0.019635343618513323
,True 2,0.3650329188002926,0.4038039502560351,0.17629846378931968,0.036576444769568395,0.018288222384784197
,True 3,0.1094017094017094,0.23732193732193732,0.4,0.18062678062678061,0.07264957264957266
,True 4,0.019581664441477527,0.03907432131731197,0.17623497997329773,0.4205607476635514,0.3445482866043614
,True 5,0.010442708333333333,0.00796875,0.034296875,0.20265625,0.7446354166666667
,,Predicted 1,Predicted 2,Predicted 3,Predicted 4,Predicted 5
AVG,True 1,2077.5454545454545,524.7272727272727,161.0,32.45454545454545,55.54545454545455
,True 2,464.8181818181818,545.9090909090909,281.09090909090907,47.27272727272727,28.545454545454547
,True 3,358.45454545454544,813.1818181818181,1400.4545454545455,667.3636363636364,270.6363636363636
,True 4,217.27272727272728,424.27272727272725,1968.909090909091,4816.636363636364,3807.909090909091
,True 5,384.09090909090907,283.54545454545456,1370.5454545454545,7941.090909090909,28421.454545454544
0,True 1,2061.0,532.0,172.0,31.0,56.0
,True 2,471.0,548.0,264.0,51.0,33.0
,True 3,377.0,842.0,1401.0,620.0,270.0
,True 4,208.0,417.0,1973.0,4761.0,3876.0
,True 5,400.0,259.0,1364.0,7826.0,28552.0
1,True 1,2093.0,512.0,152.0,34.0,60.0
,True 2,460.0,526.0,305.0,49.0,28.0
,True 3,362.0,801.0,1410.0,660.0,277.0
,True 4,205.0,436.0,2008.0,4707.0,3879.0
,True 5,338.0,272.0,1409.0,7975.0,28407.0
2,True 1,2081.0,496.0,191.0,37.0,46.0
,True 2,461.0,557.0,282.0,41.0,27.0
,True 3,356.0,806.0,1399.0,660.0,289.0
,True 4,210.0,452.0,1979.0,4721.0,3873.0
,True 5,382.0,273.0,1419.0,8087.0,28240.0
3,True 1,2086.0,521.0,154.0,30.0,60.0
,True 2,460.0,535.0,297.0,41.0,35.0
,True 3,365.0,809.0,1405.0,666.0,265.0
,True 4,229.0,389.0,1906.0,4934.0,3777.0
,True 5,415.0,284.0,1398.0,8121.0,28183.0
4,True 1,2040.0,554.0,165.0,34.0,58.0
,True 2,448.0,550.0,298.0,47.0,25.0
,True 3,326.0,855.0,1374.0,694.0,261.0
,True 4,225.0,445.0,1997.0,4896.0,3672.0
,True 5,383.0,301.0,1325.0,8196.0,28196.0
5,True 1,2072.0,529.0,160.0,38.0,52.0
,True 2,466.0,524.0,307.0,51.0,20.0
,True 3,346.0,810.0,1383.0,694.0,277.0
,True 4,220.0,425.0,1985.0,4821.0,3784.0
,True 5,396.0,288.0,1332.0,7821.0,28564.0
6,True 1,2104.0,493.0,172.0,24.0,58.0
,True 2,467.0,557.0,266.0,43.0,35.0
,True 3,375.0,813.0,1379.0,676.0,267.0
,True 4,223.0,387.0,2005.0,4800.0,3820.0
,True 5,386.0,276.0,1374.0,7744.0,28621.0
7,True 1,2094.0,518.0,146.0,36.0,57.0
,True 2,442.0,563.0,281.0,57.0,25.0
,True 3,327.0,765.0,1445.0,728.0,245.0
,True 4,217.0,429.0,2047.0,4844.0,3698.0
,True 5,361.0,302.0,1391.0,7985.0,28362.0
8,True 1,2080.0,559.0,144.0,18.0,50.0
,True 2,471.0,549.0,276.0,40.0,31.0
,True 3,338.0,854.0,1380.0,657.0,282.0
,True 4,232.0,431.0,1972.0,4851.0,3749.0
,True 5,378.0,291.0,1419.0,7703.0,28609.0
9,True 1,2095.0,509.0,155.0,35.0,58.0
,True 2,468.0,544.0,275.0,50.0,30.0
,True 3,387.0,757.0,1425.0,652.0,289.0
,True 4,201.0,417.0,1806.0,4923.0,3888.0
,True 5,385.0,267.0,1328.0,8112.0,28308.0
10,True 1,2047.0,549.0,160.0,40.0,56.0
,True 2,499.0,552.0,241.0,50.0,25.0
,True 3,384.0,833.0,1404.0,634.0,255.0
,True 4,220.0,439.0,1980.0,4725.0,3871.0
,True 5,401.0,306.0,1317.0,7782.0,28594.0
