,Rounded RMSE,Rounded MSE,Rounded MAE,Accuracy,Log Loss
0,0.8252001492513279,0.6809552863244138,0.4397629216421163,0.647921206310468,0.9052240104051454
1,0.8187423629666649,0.6703390569162381,0.4377930794038177,0.647502832737732,0.9071887522453604
2,0.8212190737058027,0.6744007670182167,0.4393096836049856,0.6472936459513641,0.9039982067299478
3,0.8250522620256556,0.6807112350736512,0.4394491414625643,0.6485313344373747,0.9053758437748836
4,0.8206457375016096,0.6734594264795607,0.43784537610040963,0.6486882245271507,0.9012297731652313
5,0.823169665222502,0.677608297742526,0.4379848339579883,0.6491937592608733,0.9039122172790075
6,0.8186252514808393,0.6701473023620674,0.4354048635927831,0.65058833783666,0.9040395996387126
7,0.819200001770461,0.6710886429007235,0.4335221825154711,0.6530288503442866,0.9031925558316938
8,0.8244782059655222,0.6797643121121261,0.435395021267694,0.6536155079841015,0.8995526724062614
9,0.826473872201812,0.6830590614322571,0.4402586988355066,0.6480022313646189,0.9050639071863384
10,0.8246367686159806,0.6800258001534063,0.43687678683494874,0.6513841433651768,0.9039124810815468
AVG,0.8224948500643798,0.6765053807741079,0.4376002353834805,0.6496136431018006,0.9038809108858299
,,,,,
,,Predicted 1,Predicted 2,Predicted 3,Predicted 4,Predicted 5
AVG,True 1,0.7224844616997563,0.18958051184520774,0.05841097023652491,0.010840339434105652,0.018683716784405356
,True 2,0.329304285297047,0.4066068804162209,0.2123075458702841,0.032770336094942405,0.01901095232150559
,True 3,0.0967342877909668,0.23407819329209245,0.4044961663019197,0.1918106419672925,0.0728807106477286
,True 4,0.018246550956831333,0.03713233806691751,0.17663146822025325,0.4348181413601975,0.3331715013958005
,True 5,0.009912220291177708,0.0074406743866360795,0.03599127081898119,0.20854952772842486,0.7381063067747801
0,True 1,0.7275596072931276,0.18022440392706873,0.06241234221598878,0.011570827489481066,0.0182328190743338
,True 2,0.3445501097293343,0.4001463057790783,0.20043891733723482,0.03218727139722019,0.02267739575713241
,True 3,0.10142450142450142,0.24586894586894587,0.39857549857549857,0.18205128205128204,0.07207977207977208
,True 4,0.018691588785046728,0.0376502002670227,0.17347574543836225,0.4392523364485981,0.3309301290609702
,True 5,0.010103903544178536,0.007656050623681675,0.03437410484101976,0.21319757297987033,0.7346683680112497
1,True 1,0.7257102770957559,0.19221325850578744,0.05050859347597334,0.010873377762188706,0.020694493160294633
,True 2,0.32383040935672514,0.40058479532163743,0.22002923976608188,0.035818713450292396,0.019736842105263157
,True 3,0.098005698005698,0.2378917378917379,0.3994301994301994,0.1908831908831909,0.0737891737891738
,True 4,0.017623497997329773,0.03658210947930574,0.17863818424566089,0.4289274588340009,0.33822874944370274
,True 5,0.00934871487721674,0.006952943933751725,0.036092810083070755,0.2104893101742142,0.7371162209317466
2,True 1,0.7236057523675903,0.18274289722904244,0.06664328305857593,0.010873377762188706,0.016134689582602595
,True 2,0.3267543859649123,0.40862573099415206,0.21710526315789475,0.03216374269005848,0.015350877192982455
,True 3,0.09601139601139601,0.22393162393162394,0.4062678062678063,0.19686609686609688,0.07692307692307693
,True 4,0.017267467734757454,0.03889630618602581,0.17489986648865152,0.4250111259457054,0.34392523364485983
,True 5,0.009687247727923752,0.007161271841879118,0.03630113799119815,0.20965599854170464,0.7371943438972943
3,True 1,0.7281655559452823,0.1834444054717643,0.059277446509996494,0.009119607155384075,0.01999298491757278
,True 2,0.31798245614035087,0.40789473684210525,0.2222222222222222,0.02850877192982456,0.023391812865497075
,True 3,0.10142450142450142,0.2358974358974359,0.403988603988604,0.1886039886039886,0.07008547008547009
,True 4,0.01833555852247441,0.03453493546951491,0.17196261682242991,0.445838896306186,0.32932799287939474
,True 5,0.010155985521210385,0.006978984922267649,0.03760318741699435,0.2124163433243926,0.732845498815135
4,True 1,0.7092248333917923,0.19852683269028412,0.0620834794808839,0.011224131883549631,0.018940722553490004
,True 2,0.3172514619883041,0.3969298245614035,0.23538011695906433,0.029970760233918127,0.02046783625730994
,True 3,0.0905982905982906,0.23475783475783477,0.4056980056980057,0.19344729344729344,0.0754985754985755
,True 4,0.017267467734757454,0.03943035157988429,0.17881619937694704,0.4354250111259457,0.3290609701824655
,True 5,0.009322673888700814,0.007916460508840916,0.03562407228978412,0.20936954766802948,0.7377672456446447
5,True 1,0.7165906699403718,0.19607155384075764,0.057523675903191865,0.013328656611715188,0.016485443703963522
,True 2,0.3355263157894737,0.39546783625730997,0.22002923976608188,0.0402046783625731,0.008771929824561403
,True 3,0.09344729344729345,0.22592592592592592,0.4113960113960114,0.19401709401709402,0.07521367521367521
,True 4,0.019848687138406765,0.0363150867823765,0.1750778816199377,0.44218958611481973,0.32656875834445925
,True 5,0.010364313429337777,0.006874820968203953,0.03575427723236374,0.21147886773781932,0.7355277206322752
6,True 1,0.7260610312171168,0.18800420904945633,0.05787443002455279,0.009470361276745002,0.018589968432129077
,True 2,0.32456140350877194,0.4195906432748538,0.20248538011695907,0.02850877192982456,0.024853801169590642
,True 3,0.09943019943019943,0.23333333333333334,0.4011396011396011,0.196011396011396,0.07008547008547009
,True 4,0.01789052069425901,0.03551401869158879,0.18041833555852246,0.43400089007565645,0.3321762349799733
,True 5,0.009531001796828208,0.0073175177729746625,0.036249056014166295,0.20752063748339886,0.739381786932632
7,True 1,0.7225534900035075,0.18835496317081726,0.05857593826727464,0.01052262364082778,0.01999298491757278
,True 2,0.3055555555555556,0.4232456140350877,0.2141812865497076,0.03728070175438596,0.019736842105263157
,True 3,0.08660968660968661,0.22564102564102564,0.41424501424501425,0.2037037037037037,0.0698005698005698
,True 4,0.017178460169114375,0.038184245660881175,0.1833555852247441,0.4355140186915888,0.3257676902536716
,True 5,0.009635165750891904,0.008281034348063852,0.03520741647352933,0.20535923543657716,0.7415171479909377
8,True 1,0.7306208347948089,0.19045948789898282,0.05647141353910908,0.007716590669940372,0.014731673097158891
,True 2,0.34381858083394295,0.40819312362838334,0.19970738844184346,0.029261155815654718,0.019019751280175568
,True 3,0.08914839077185988,0.2409569923098832,0.4030190828823697,0.19111364283679863,0.07576189119908858
,True 4,0.019581664441477527,0.037383177570093455,0.17730307076101468,0.43248776145972406,0.33324432576769025
,True 5,0.010494791666666666,0.0078125,0.037369791666666666,0.200078125,0.7442447916666667
9,True 1,0.7237026647966339,0.18723702664796635,0.05575035063113604,0.011921458625525946,0.021388499298737727
,True 2,0.33138258961228967,0.4023408924652524,0.21580102414045355,0.03145574250182882,0.019019751280175568
,True 3,0.10512820512820513,0.22108262108262108,0.41196581196581195,0.18746438746438746,0.07435897435897436
,True 4,0.017801513128615932,0.03613707165109034,0.16733422340898976,0.4415665331553182,0.33716065865598577
,True 5,0.010286458333333333,0.007109375,0.036223958333333334,0.21328125,0.7330989583333334
10,True 1,0.7135343618513323,0.19810659186535765,0.05539971949509116,0.012622720897615708,0.020336605890603085
,True 2,0.3511338697878566,0.40965618141916604,0.18800292611558156,0.03511338697878566,0.016093635698610095
,True 3,0.10284900284900285,0.24957264957264957,0.39373219373219376,0.18575498575498575,0.0680911680911681
,True 4,0.01922563417890521,0.037828215398308856,0.18166444147752558,0.4227859368046284,0.338495772140632
,True 5,0.010104166666666666,0.007786458333333334,0.035104166666666665,0.20119791666666667,0.7458072916666667
,,Predicted 1,Predicted 2,Predicted 3,Predicted 4,Predicted 5
AVG,True 1,2060.0,540.5454545454545,166.54545454545453,30.90909090909091,53.27272727272727
,True 2,450.3636363636364,556.0909090909091,290.3636363636364,44.81818181818182,26.0
,True 3,339.54545454545456,821.6363636363636,1419.8181818181818,673.2727272727273,255.8181818181818
,True 4,205.0,417.1818181818182,1984.4545454545455,4885.181818181818,3743.181818181818
,True 5,380.6363636363636,285.72727272727275,1382.090909090909,8008.454545454545,28343.81818181818
0,True 1,2075.0,514.0,178.0,33.0,52.0
,True 2,471.0,547.0,274.0,44.0,31.0
,True 3,356.0,863.0,1399.0,639.0,253.0
,True 4,210.0,423.0,1949.0,4935.0,3718.0
,True 5,388.0,294.0,1320.0,8187.0,28212.0
1,True 1,2069.0,548.0,144.0,31.0,59.0
,True 2,443.0,548.0,301.0,49.0,27.0
,True 3,344.0,835.0,1402.0,670.0,259.0
,True 4,198.0,411.0,2007.0,4819.0,3800.0
,True 5,359.0,267.0,1386.0,8083.0,28306.0
2,True 1,2063.0,521.0,190.0,31.0,46.0
,True 2,447.0,559.0,297.0,44.0,21.0
,True 3,337.0,786.0,1426.0,691.0,270.0
,True 4,194.0,437.0,1965.0,4775.0,3864.0
,True 5,372.0,275.0,1394.0,8051.0,28309.0
3,True 1,2076.0,523.0,169.0,26.0,57.0
,True 2,435.0,558.0,304.0,39.0,32.0
,True 3,356.0,828.0,1418.0,662.0,246.0
,True 4,206.0,388.0,1932.0,5009.0,3700.0
,True 5,390.0,268.0,1444.0,8157.0,28142.0
4,True 1,2022.0,566.0,177.0,32.0,54.0
,True 2,434.0,543.0,322.0,41.0,28.0
,True 3,318.0,824.0,1424.0,679.0,265.0
,True 4,194.0,443.0,2009.0,4892.0,3697.0
,True 5,358.0,304.0,1368.0,8040.0,28331.0
5,True 1,2043.0,559.0,164.0,38.0,47.0
,True 2,459.0,541.0,301.0,55.0,12.0
,True 3,328.0,793.0,1444.0,681.0,264.0
,True 4,223.0,408.0,1967.0,4968.0,3669.0
,True 5,398.0,264.0,1373.0,8121.0,28245.0
6,True 1,2070.0,536.0,165.0,27.0,53.0
,True 2,444.0,574.0,277.0,39.0,34.0
,True 3,349.0,819.0,1408.0,688.0,246.0
,True 4,201.0,399.0,2027.0,4876.0,3732.0
,True 5,366.0,281.0,1392.0,7969.0,28393.0
7,True 1,2060.0,537.0,167.0,30.0,57.0
,True 2,418.0,579.0,293.0,51.0,27.0
,True 3,304.0,792.0,1454.0,715.0,245.0
,True 4,193.0,429.0,2060.0,4893.0,3660.0
,True 5,370.0,318.0,1352.0,7886.0,28475.0
8,True 1,2083.0,543.0,161.0,22.0,42.0
,True 2,470.0,558.0,273.0,40.0,26.0
,True 3,313.0,846.0,1415.0,671.0,266.0
,True 4,220.0,420.0,1992.0,4859.0,3744.0
,True 5,403.0,300.0,1435.0,7683.0,28579.0
9,True 1,2064.0,534.0,159.0,34.0,61.0
,True 2,453.0,550.0,295.0,43.0,26.0
,True 3,369.0,776.0,1446.0,658.0,261.0
,True 4,200.0,406.0,1880.0,4961.0,3788.0
,True 5,395.0,273.0,1391.0,8190.0,28151.0
10,True 1,2035.0,565.0,158.0,36.0,58.0
,True 2,480.0,560.0,257.0,48.0,22.0
,True 3,361.0,876.0,1382.0,652.0,239.0
,True 4,216.0,425.0,2041.0,4750.0,3803.0
,True 5,388.0,299.0,1348.0,7726.0,28639.0
