,Rounded RMSE,Rounded MSE,Rounded MAE,Accuracy,Log Loss
0,0.8217814036133182,0.6753246753246753,0.43545716028937503,0.652052645341236,0.9096166124552486
1,0.8176984151635,0.6686306981608995,0.43824631744094833,0.6470321624684041,0.913351261708099
2,0.8237729875261594,0.6786019349777739,0.44134925477207354,0.6459513640721695,0.9147593900292116
3,0.8306954384920033,0.6900549115314216,0.44223829861413755,0.6473633748801534,0.9111827961208568
4,0.8277628396759338,0.6851913187483657,0.44246491763270285,0.6458990673755775,0.9128444485700206
5,0.8208475125693627,0.6737906388913101,0.4353177024317964,0.6515994073041053,0.9115230718174868
6,0.822523514301256,0.6765449315784886,0.43549202475376975,0.6527499346291292,0.9101336528356825
7,0.8188701018492531,0.6705482437026061,0.43598012725529506,0.6497167262267933,0.9120395805244931
8,0.8239706004342808,0.6789275503800293,0.4364758385049857,0.6521337424168469,0.9075955936814801
9,0.8220536851985891,0.675772261348581,0.4372254375566557,0.649850080189666,0.9120933410954508
10,0.8272223228941038,0.684296771494317,0.4384980126908863,0.6506345443135068,0.909554345113338
AVG,0.8233817110652509,0.677971266921679,0.4380677356311478,0.6495439135652353,0.9113358267228516
,,,,,
,,Predicted 1,Predicted 2,Predicted 3,Predicted 4,Predicted 5
AVG,True 1,0.7234730400310944,0.18798611902751441,0.05767754171404769,0.012147583899799972,0.01871571532754366
,True 2,0.3323619963544116,0.4066742094646072,0.20672312389672728,0.034564934759367436,0.019675735524886565
,True 3,0.09792566685189871,0.23358608542316886,0.40330475773369534,0.18963517995132914,0.07554831003990788
,True 4,0.018780596350689807,0.037658291863899344,0.17603269005138164,0.4313630294938706,0.33616539224015857
,True 5,0.00988617788471023,0.007386225231962079,0.035695344946430535,0.20798610437070372,0.7390461475661936
0,True 1,0.726507713884993,0.18197755960729312,0.061360448807854136,0.012272089761570827,0.01788218793828892
,True 2,0.3467446964155084,0.4023408924652524,0.19531821506949523,0.03218727139722019,0.023408924652523776
,True 3,0.10512820512820513,0.2413105413105413,0.40484330484330483,0.17150997150997152,0.0772079772079772
,True 4,0.018691588785046728,0.0363150867823765,0.17685803293279928,0.42510013351134845,0.34303515798842904
,True 5,0.010129944532694462,0.006848779979688029,0.03523345746204526,0.20338012030936695,0.7444076977162053
1,True 1,0.7288670641880042,0.1834444054717643,0.05366538056822168,0.012977902490354262,0.02104524728165556
,True 2,0.3172514619883041,0.40058479532163743,0.2273391812865497,0.035818713450292396,0.019005847953216373
,True 3,0.09743589743589744,0.23732193732193732,0.3997150997150997,0.1905982905982906,0.07492877492877494
,True 4,0.01789052069425901,0.037561192701379614,0.1803293279928794,0.42180685358255454,0.34241210502892744
,True 5,0.008671649175802713,0.0071091898648472695,0.03671779380745293,0.20926538371396577,0.7382359834379313
2,True 1,0.725359522974395,0.18274289722904244,0.06488951245177131,0.011574886004910558,0.015433181339880744
,True 2,0.3296783625730994,0.4064327485380117,0.21564327485380116,0.03216374269005848,0.01608187134502924
,True 3,0.09401709401709402,0.2284900284900285,0.41025641025641024,0.18803418803418803,0.07920227920227921
,True 4,0.018602581219403648,0.03960836671117045,0.17668001780151313,0.4222518914107699,0.34285714285714286
,True 5,0.009765370693471524,0.007187312830395042,0.03617093304861853,0.21129658081820785,0.735579802609307
3,True 1,0.7309715889161698,0.18274289722904244,0.055419151175026306,0.011224131883549631,0.019642230796211857
,True 2,0.32456140350877194,0.40423976608187134,0.21198830409356725,0.03508771929824561,0.02412280701754386
,True 3,0.10056980056980057,0.23504273504273504,0.3997150997150997,0.18974358974358974,0.07492877492877494
,True 4,0.019848687138406765,0.035246995994659545,0.16964842011570982,0.4406764574988874,0.33457943925233646
,True 5,0.010676805291528866,0.007343558761490586,0.03604072810603891,0.21301528606025885,0.7329236217806828
4,True 1,0.7127323746054016,0.19256401262714837,0.05997895475271835,0.014380918975797966,0.020343739038933707
,True 2,0.31798245614035087,0.4071637426900585,0.22295321637426901,0.033625730994152045,0.01827485380116959
,True 3,0.0905982905982906,0.23903133903133902,0.403988603988604,0.19401709401709402,0.07236467236467237
,True 4,0.018869603916332887,0.03978638184245661,0.17952825990209167,0.4401424121050289,0.3216733422340899
,True 5,0.009947657613082993,0.007682091612197599,0.03559803130126819,0.215020442175985,0.7317517772974662
5,True 1,0.7141353910908453,0.19782532444756226,0.05436688881094353,0.01578393546124167,0.017888460189407224
,True 2,0.33845029239766083,0.39400584795321636,0.2141812865497076,0.04093567251461988,0.012426900584795321
,True 3,0.09401709401709402,0.23162393162393163,0.4011396011396011,0.19715099715099715,0.07606837606837606
,True 4,0.01913662661326213,0.03889630618602581,0.1746328437917223,0.4329327992879395,0.3344014241210503
,True 5,0.00992161662456707,0.0073175177729746625,0.034608473737663084,0.20515090752844978,0.7430014843363454
6,True 1,0.729568572430726,0.18169063486495968,0.06032970887407927,0.008768853034023149,0.019642230796211857
,True 2,0.32821637426900585,0.41228070175438597,0.20175438596491227,0.029970760233918127,0.027777777777777776
,True 3,0.10512820512820513,0.23247863247863249,0.39686609686609686,0.1903133903133903,0.07521367521367521
,True 4,0.018869603916332887,0.035870048954161106,0.18006230529595016,0.4272363150867824,0.3379617267467735
,True 5,0.009869534647535221,0.007083148876331345,0.03682195776151663,0.20124475925106117,0.7449805994635557
7,True 1,0.7278148018239214,0.1862504384426517,0.05436688881094353,0.013328656611715188,0.01823921431076815
,True 2,0.3165204678362573,0.4152046783625731,0.21052631578947367,0.039473684210526314,0.01827485380116959
,True 3,0.08888888888888889,0.2222222222222222,0.41253561253561255,0.2076923076923077,0.06866096866096866
,True 4,0.017623497997329773,0.03827325322652426,0.1833555852247441,0.4363150867823765,0.32443257676902537
,True 5,0.00947891981979636,0.007890419520324992,0.03510325251946564,0.2111403348871123,0.7363870732533007
8,True 1,0.7267625394598387,0.19326552086987023,0.05682216766047001,0.005962820063135742,0.017186951946685375
,True 2,0.34601316752011707,0.4074615947329919,0.19824433065106073,0.02852962692026335,0.019751280175566936
,True 3,0.09000284819139846,0.24124181144972942,0.4033039020222159,0.18570207917972087,0.07974935915693535
,True 4,0.020204717400979084,0.03729417000445038,0.17694704049844237,0.43213173119715176,0.33342234089897643
,True 5,0.010104166666666666,0.007526041666666667,0.037395833333333336,0.20255208333333333,0.742421875
9,True 1,0.7208976157082749,0.1896914446002805,0.056100981767180924,0.011921458625525946,0.021388499298737727
,True 2,0.3321141185076811,0.4089246525237747,0.2011704462326262,0.036576444769568395,0.02121433796634967
,True 3,0.10569800569800569,0.2230769230769231,0.4025641025641026,0.18575498575498575,0.0829059829059829
,True 4,0.017534490431686693,0.037561192701379614,0.16074766355140188,0.44210057854917667,0.34205607476635513
,True 5,0.00984375,0.00703125,0.034479166666666665,0.212109375,0.7365364583333334
10,True 1,0.7145862552594671,0.1956521739130435,0.057152875175315566,0.015427769985974754,0.017180925666199158
,True 2,0.3584491587417703,0.41477688368690563,0.17483540599853695,0.03584491587417703,0.016093635698610095
,True 3,0.10569800569800569,0.2376068376068376,0.4014245014245014,0.18547008547008548,0.0698005698005698
,True 4,0.019314641744548288,0.037828215398308856,0.17757009345794392,0.42429906542056073,0.34098798397863817
,True 5,0.010338541666666666,0.008229166666666666,0.034479166666666665,0.203671875,0.74328125
,,Predicted 1,Predicted 2,Predicted 3,Predicted 4,Predicted 5
AVG,True 1,2062.818181818182,536.0,164.45454545454547,34.63636363636363,53.36363636363637
,True 2,454.54545454545456,556.1818181818181,282.72727272727275,47.27272727272727,26.90909090909091
,True 3,343.72727272727275,819.9090909090909,1415.6363636363637,665.6363636363636,265.1818181818182
,True 4,211.0,423.09090909090907,1977.7272727272727,4846.363636363636,3776.818181818182
,True 5,379.6363636363636,283.6363636363636,1370.7272727272727,7986.818181818182,28379.909090909092
0,True 1,2072.0,519.0,175.0,35.0,51.0
,True 2,474.0,550.0,267.0,44.0,32.0
,True 3,369.0,847.0,1421.0,602.0,271.0
,True 4,210.0,408.0,1987.0,4776.0,3854.0
,True 5,389.0,263.0,1353.0,7810.0,28586.0
1,True 1,2078.0,523.0,153.0,37.0,60.0
,True 2,434.0,548.0,311.0,49.0,26.0
,True 3,342.0,833.0,1403.0,669.0,263.0
,True 4,201.0,422.0,2026.0,4739.0,3847.0
,True 5,333.0,273.0,1410.0,8036.0,28349.0
2,True 1,2068.0,521.0,185.0,33.0,44.0
,True 2,451.0,556.0,295.0,44.0,22.0
,True 3,330.0,802.0,1440.0,660.0,278.0
,True 4,209.0,445.0,1985.0,4744.0,3852.0
,True 5,375.0,276.0,1389.0,8114.0,28247.0
3,True 1,2084.0,521.0,158.0,32.0,56.0
,True 2,444.0,553.0,290.0,48.0,33.0
,True 3,353.0,825.0,1403.0,666.0,263.0
,True 4,223.0,396.0,1906.0,4951.0,3759.0
,True 5,410.0,282.0,1384.0,8180.0,28145.0
4,True 1,2032.0,549.0,171.0,41.0,58.0
,True 2,435.0,557.0,305.0,46.0,25.0
,True 3,318.0,839.0,1418.0,681.0,254.0
,True 4,212.0,447.0,2017.0,4945.0,3614.0
,True 5,382.0,295.0,1367.0,8257.0,28100.0
5,True 1,2036.0,564.0,155.0,45.0,51.0
,True 2,463.0,539.0,293.0,56.0,17.0
,True 3,330.0,813.0,1408.0,692.0,267.0
,True 4,215.0,437.0,1962.0,4864.0,3757.0
,True 5,381.0,281.0,1329.0,7878.0,28532.0
6,True 1,2080.0,518.0,172.0,25.0,56.0
,True 2,449.0,564.0,276.0,41.0,38.0
,True 3,369.0,816.0,1393.0,668.0,264.0
,True 4,212.0,403.0,2023.0,4800.0,3797.0
,True 5,379.0,272.0,1414.0,7728.0,28608.0
7,True 1,2075.0,531.0,155.0,38.0,52.0
,True 2,433.0,568.0,288.0,54.0,25.0
,True 3,312.0,780.0,1448.0,729.0,241.0
,True 4,198.0,430.0,2060.0,4902.0,3645.0
,True 5,364.0,303.0,1348.0,8108.0,28278.0
8,True 1,2072.0,551.0,162.0,17.0,49.0
,True 2,473.0,557.0,271.0,39.0,27.0
,True 3,316.0,847.0,1416.0,652.0,280.0
,True 4,227.0,419.0,1988.0,4855.0,3746.0
,True 5,388.0,289.0,1436.0,7778.0,28509.0
9,True 1,2056.0,541.0,160.0,34.0,61.0
,True 2,454.0,559.0,275.0,50.0,29.0
,True 3,371.0,783.0,1413.0,652.0,291.0
,True 4,197.0,422.0,1806.0,4967.0,3843.0
,True 5,378.0,270.0,1324.0,8145.0,28283.0
10,True 1,2038.0,558.0,163.0,44.0,49.0
,True 2,490.0,567.0,239.0,49.0,22.0
,True 3,371.0,834.0,1409.0,651.0,245.0
,True 4,217.0,425.0,1995.0,4767.0,3831.0
,True 5,397.0,316.0,1324.0,7821.0,28542.0
