,Rounded RMSE,Rounded MSE,Rounded MAE,Accuracy,Log Loss
0,0.810718744552165,0.6572648827682385,0.43964089601673495,0.6420116795955723,0.8810260281189839
1,0.8084686427060706,0.6536215462389959,0.44485313344373745,0.6355617536825591,0.8860584835630048
2,0.8064608800495483,0.650379151050292,0.4417153316482176,0.637549028153055,0.8846694673128398
3,0.8141411209607261,0.6628257648391876,0.4430053168308202,0.6391876579796043,0.8835088051710568
4,0.8105789682379337,0.6570382637496731,0.4467706789854441,0.6331909701037218,0.8881597133905075
5,0.8033204863023633,0.6453238037130654,0.43627647520264967,0.6429181556698336,0.8811582787835078
6,0.8077136187939279,0.6524012899851827,0.43857752985269766,0.6423080275429268,0.8816348330245606
7,0.8081127907516895,0.6530462825764839,0.4416978994160202,0.6384555042273163,0.8814178706429684
8,0.8091222977308856,0.6546788926853079,0.4399100481137996,0.6413430025800153,0.8817753404012364
9,0.8025350323875774,0.6440624782093299,0.43936963949515373,0.6375601422494944,0.8846202622190313
10,0.8077746131654789,0.6524998256746392,0.43909071891778817,0.6407328638170281,0.8811859338015425
AVG,0.8080861086943969,0.653012925590036,0.4409916061748239,0.639165344145557,0.8832013651299309
,,,,,
,,Predicted 1,Predicted 2,Predicted 3,Predicted 4,Predicted 5
AVG,True 1,0.6790271865973018,0.24024327300508544,0.05825158126693033,0.008799912416566202,0.013678046714116338
,True 2,0.2737338055408744,0.46470334189311585,0.22187906283409306,0.026056876468842746,0.013626913263073888
,True 3,0.07114555644888883,0.2566366953720984,0.4254229003588161,0.18595732463576384,0.0608375231844329
,True 4,0.01271999029008375,0.040425617995711455,0.18397054658736903,0.44940729052878586,0.3134765545980499
,True 5,0.0072773254430124525,0.008882409672293886,0.038233164981794986,0.22813251588303024,0.7174745840198685
0,True 1,0.6774193548387096,0.2422861150070126,0.05750350631136045,0.006661991584852735,0.016129032258064516
,True 2,0.2940746159473299,0.4476956839795172,0.2143379663496708,0.025603511338697878,0.018288222384784197
,True 3,0.08005698005698006,0.26809116809116806,0.41623931623931626,0.1737891737891738,0.06182336182336182
,True 4,0.012194036493101914,0.03951935914552737,0.18540275923453495,0.4404984423676013,0.32238540275923455
,True 5,0.007994583474388688,0.008281034348063852,0.03869690893466316,0.219134918361501,0.7258925548813833
1,True 1,0.6815152578042792,0.24202034373903894,0.05436688881094353,0.008418098912662224,0.013679410733076113
,True 2,0.26242690058479534,0.4597953216374269,0.23538011695906433,0.029970760233918127,0.012426900584795321
,True 3,0.07749287749287749,0.2492877492877493,0.4336182336182336,0.17806267806267806,0.06153846153846154
,True 4,0.01281708945260347,0.040498442367601244,0.19056519804183356,0.4433466844681798,0.31277258566978194
,True 5,0.00640608317491732,0.008723731152834561,0.0411187208666441,0.23064503528553945,0.7131064295200645
2,True 1,0.6737986671343388,0.2402665731322343,0.06769554542265871,0.004910557699052964,0.013328656611715188
,True 2,0.26242690058479534,0.472953216374269,0.2273391812865497,0.02412280701754386,0.013157894736842105
,True 3,0.07094017094017094,0.249002849002849,0.43105413105413104,0.18632478632478633,0.06267806267806268
,True 4,0.012194036493101914,0.04432576769025367,0.18059635068980864,0.4434356920338229,0.3194481530930129
,True 5,0.007057107887815422,0.00890601807244603,0.03658758886487331,0.23106169110179423,0.7163875940730711
3,True 1,0.687127323746054,0.22483339179235357,0.061732725359522976,0.011224131883549631,0.015082427218519818
,True 2,0.2733918128654971,0.45394736842105265,0.23757309941520469,0.019005847953216373,0.01608187134502924
,True 3,0.0737891737891738,0.2586894586894587,0.42962962962962964,0.17749287749287748,0.0603988603988604
,True 4,0.012461059190031152,0.038184245660881175,0.17694704049844237,0.4585669781931464,0.3138406764574989
,True 5,0.007916460508840916,0.009244550923153043,0.038384417072472074,0.23022837946928465,0.7142261920262493
4,True 1,0.6695896176780077,0.2504384426517012,0.05436688881094353,0.011925640126271484,0.013679410733076113
,True 2,0.2595029239766082,0.4685672514619883,0.23026315789473684,0.029970760233918127,0.011695906432748537
,True 3,0.05897435897435897,0.26894586894586897,0.41965811965811967,0.19743589743589743,0.05498575498575498
,True 4,0.01344014241210503,0.04210057854917668,0.18460169114374722,0.4666666666666667,0.2931909212283044
,True 5,0.006718575037108408,0.00916642795760527,0.039608343532720504,0.2399156271972084,0.7045910262753574
5,True 1,0.6801122413188355,0.24237109786039987,0.05506839705366538,0.008418098912662224,0.01403016485443704
,True 2,0.2777777777777778,0.4656432748538012,0.2236842105263158,0.02412280701754386,0.008771929824561403
,True 3,0.0660968660968661,0.2584045584045584,0.42136752136752137,0.19145299145299147,0.06267806267806268
,True 4,0.012995104583889631,0.04138851802403204,0.18175344904316867,0.4485981308411215,0.3152647975077882
,True 5,0.007005025910783573,0.008958100049477878,0.03794172026770136,0.22252024686857114,0.723574906903466
6,True 1,0.6843212907751666,0.23710978603998598,0.05647141353910908,0.008768853034023149,0.013328656611715188
,True 2,0.2711988304093567,0.4722222222222222,0.21271929824561403,0.027777777777777776,0.01608187134502924
,True 3,0.07435897435897436,0.2603988603988604,0.41965811965811967,0.1794871794871795,0.0660968660968661
,True 4,0.014152202937249666,0.03889630618602581,0.18655985758789498,0.43595905651980416,0.32443257676902537
,True 5,0.007447722715554283,0.00820291138251608,0.03898335980833832,0.21939532824666025,0.725970677846931
7,True 1,0.6832690284110838,0.23290073658365487,0.058926692388635564,0.011574886004910558,0.013328656611715188
,True 2,0.2580409356725146,0.46271929824561403,0.23757309941520469,0.027777777777777776,0.013888888888888888
,True 3,0.06381766381766382,0.22934472934472935,0.45754985754985755,0.1903133903133903,0.05897435897435897
,True 4,0.012194036493101914,0.03978638184245661,0.19207832665776592,0.4537605696484201,0.30218068535825543
,True 5,0.007187312830395042,0.008671649175802713,0.03979063045233197,0.23238978151610634,0.7119606260253639
8,True 1,0.6811645036829183,0.24202034373903894,0.05997895475271835,0.0056120659417748155,0.011224131883549631
,True 2,0.2831016825164594,0.46452084857351866,0.21141185076810534,0.026335040234089245,0.014630577907827359
,True 3,0.07006550840216462,0.25719168328111647,0.42181714611221877,0.18769581315864425,0.06322984904585588
,True 4,0.01344014241210503,0.039964396973742766,0.1886070315976858,0.44913217623498,0.30885625278148643
,True 5,0.007421875,0.009401041666666667,0.038802083333333334,0.22338541666666667,0.7209895833333333
9,True 1,0.6746143057503506,0.24544179523141654,0.05785413744740533,0.0091164095371669,0.012973352033660589
,True 2,0.26847110460863205,0.4820775420629115,0.20921726408193123,0.027798098024871983,0.012435991221653255
,True 3,0.0735042735042735,0.2586894586894587,0.4094017094017094,0.19772079772079773,0.06068376068376068
,True 4,0.011481975967957277,0.038362260792167334,0.17000445037828216,0.4617712505562973,0.318380062305296
,True 5,0.007369791666666667,0.008489583333333333,0.035208333333333335,0.23630208333333333,0.7126302083333333
10,True 1,0.676367461430575,0.24298737727910238,0.056802244039270686,0.010168302945301542,0.01367461430575035
,True 2,0.3006583760058522,0.4615947329919532,0.2011704462326262,0.024140453547915143,0.012435991221653255
,True 3,0.0735042735042735,0.26495726495726496,0.41965811965811967,0.18575498575498575,0.05612535612535612
,True 4,0.012550066755674232,0.04165554072096128,0.18655985758789498,0.44174454828660437,0.31748998664886513
,True 5,0.007526041666666667,0.009661458333333333,0.035442708333333336,0.22447916666666667,0.722890625
,,Predicted 1,Predicted 2,Predicted 3,Predicted 4,Predicted 5
AVG,True 1,1936.090909090909,685.0,166.0909090909091,25.09090909090909,39.0
,True 2,374.3636363636364,635.5454545454545,303.45454545454544,35.63636363636363,18.636363636363637
,True 3,249.72727272727272,900.8181818181819,1493.2727272727273,652.7272727272727,213.54545454545453
,True 4,142.9090909090909,454.1818181818182,2066.909090909091,5049.090909090909,3521.909090909091
,True 5,279.45454545454544,341.09090909090907,1468.1818181818182,8760.454545454546,27551.545454545456
0,True 1,1932.0,691.0,164.0,19.0,46.0
,True 2,402.0,612.0,293.0,35.0,25.0
,True 3,281.0,941.0,1461.0,610.0,217.0
,True 4,137.0,444.0,2083.0,4949.0,3622.0
,True 5,307.0,318.0,1486.0,8415.0,27875.0
1,True 1,1943.0,690.0,155.0,24.0,39.0
,True 2,359.0,629.0,322.0,41.0,17.0
,True 3,272.0,875.0,1522.0,625.0,216.0
,True 4,144.0,455.0,2141.0,4981.0,3514.0
,True 5,246.0,335.0,1579.0,8857.0,27384.0
2,True 1,1921.0,685.0,193.0,14.0,38.0
,True 2,359.0,647.0,311.0,33.0,18.0
,True 3,249.0,874.0,1513.0,654.0,220.0
,True 4,137.0,498.0,2029.0,4982.0,3589.0
,True 5,271.0,342.0,1405.0,8873.0,27510.0
3,True 1,1959.0,641.0,176.0,32.0,43.0
,True 2,374.0,621.0,325.0,26.0,22.0
,True 3,259.0,908.0,1508.0,623.0,212.0
,True 4,140.0,429.0,1988.0,5152.0,3526.0
,True 5,304.0,355.0,1474.0,8841.0,27427.0
4,True 1,1909.0,714.0,155.0,34.0,39.0
,True 2,355.0,641.0,315.0,41.0,16.0
,True 3,207.0,944.0,1473.0,693.0,193.0
,True 4,151.0,473.0,2074.0,5243.0,3294.0
,True 5,258.0,352.0,1521.0,9213.0,27057.0
5,True 1,1939.0,691.0,157.0,24.0,40.0
,True 2,380.0,637.0,306.0,33.0,12.0
,True 3,232.0,907.0,1479.0,672.0,220.0
,True 4,146.0,465.0,2042.0,5040.0,3542.0
,True 5,269.0,344.0,1457.0,8545.0,27786.0
6,True 1,1951.0,676.0,161.0,25.0,38.0
,True 2,371.0,646.0,291.0,38.0,22.0
,True 3,261.0,914.0,1473.0,630.0,232.0
,True 4,159.0,437.0,2096.0,4898.0,3645.0
,True 5,286.0,315.0,1497.0,8425.0,27878.0
7,True 1,1948.0,664.0,168.0,33.0,38.0
,True 2,353.0,633.0,325.0,38.0,19.0
,True 3,224.0,805.0,1606.0,668.0,207.0
,True 4,137.0,447.0,2158.0,5098.0,3395.0
,True 5,276.0,333.0,1528.0,8924.0,27340.0
8,True 1,1942.0,690.0,171.0,16.0,32.0
,True 2,387.0,635.0,289.0,36.0,20.0
,True 3,246.0,903.0,1481.0,659.0,222.0
,True 4,151.0,449.0,2119.0,5046.0,3470.0
,True 5,285.0,361.0,1490.0,8578.0,27686.0
9,True 1,1924.0,700.0,165.0,26.0,37.0
,True 2,367.0,659.0,286.0,38.0,17.0
,True 3,258.0,908.0,1437.0,694.0,213.0
,True 4,129.0,431.0,1910.0,5188.0,3577.0
,True 5,283.0,326.0,1352.0,9074.0,27365.0
10,True 1,1929.0,693.0,162.0,29.0,39.0
,True 2,411.0,631.0,275.0,33.0,17.0
,True 3,258.0,930.0,1473.0,652.0,197.0
,True 4,141.0,468.0,2096.0,4963.0,3567.0
,True 5,289.0,371.0,1361.0,8620.0,27759.0
