,Rounded RMSE,Rounded MSE,Rounded MAE,Accuracy,Log Loss
0,0.8121259170757261,0.6595485051860891,0.44080885557395627,0.6415933060228363,0.8825389456598325
1,0.8099550569520682,0.6560271942822279,0.4456550161248148,0.635300270199599,0.8856846482706798
2,0.8102025275341755,0.6564281356227665,0.4441732763880415,0.6363287718992418,0.8863488981327737
3,0.8189765356984163,0.6707225660245795,0.44490543014032946,0.638961038961039,0.886597563116779
4,0.8151468546622362,0.6644643946657369,0.4484790377407827,0.6329992155495511,0.8886064354773662
5,0.8092875854021198,0.6549463958859932,0.43986751503530025,0.6409831778959296,0.882740568595854
6,0.8099550569520682,0.6560271942822279,0.43899590342543365,0.6426218077224789,0.8819899202449667
7,0.8092229621635865,0.6548418024928092,0.4422731630785322,0.6384903686917109,0.8831299007615543
8,0.810338675655403,0.6566487692629523,0.4404155916602747,0.6412384073635032,0.8832090159107178
9,0.8039023434199479,0.646258977756084,0.4389512586291054,0.6383969039815912,0.8858489144030193
10,0.8104569866192106,0.6568405271598913,0.4386549055156544,0.6426853078585872,0.8822025051457921
AVG,0.8108700456486325,0.657523132965578,0.4421072684829296,0.6390544160132788,0.8844452105199395
,,,,,
,,Predicted 1,Predicted 2,Predicted 3,Predicted 4,Predicted 5
AVG,True 1,0.6810039966649959,0.23810715223117948,0.058378960512903325,0.008736116578988571,0.013773774011932617
,True 2,0.27426529181236,0.46264239243005645,0.22261161260314222,0.026388563181579006,0.014092139972862261
,True 3,0.07200031631817448,0.2596668729964087,0.42169337039744337,0.18528393133918628,0.061355508948787225
,True 4,0.013084112149532711,0.04045798438321802,0.18482825585629323,0.446680422381357,0.31494922522959906
,True 5,0.0075850852309717305,0.008853999101783175,0.03845333013443463,0.22673338899348028,0.7183741965393301
0,True 1,0.6809256661991585,0.23597475455820477,0.06276297335203367,0.006311360448807854,0.014025245441795231
,True 2,0.28602779809802487,0.45062179956108267,0.22311631309436722,0.021945866861741038,0.018288222384784197
,True 3,0.08034188034188035,0.2723646723646724,0.41225071225071225,0.17321937321937322,0.06182336182336182
,True 4,0.012461059190031152,0.04040943480195817,0.18673787271918113,0.4379172229639519,0.3224744103248776
,True 5,0.008124788416968308,0.008020624462904613,0.039764589463816044,0.2180672378323481,0.7260227598239629
1,True 1,0.6822167660470011,0.2399158190108734,0.055419151175026306,0.00701508242721852,0.015433181339880744
,True 2,0.27046783625730997,0.4517543859649123,0.23318713450292397,0.031432748538011694,0.013157894736842105
,True 3,0.07920227920227921,0.254985754985755,0.4233618233618234,0.17749287749287748,0.06495726495726496
,True 4,0.012639074321317311,0.04103248776145972,0.19047619047619047,0.4377392078326658,0.31811303960836673
,True 5,0.006327960209369547,0.009088304992057499,0.040545819119293766,0.22850967422723367,0.7155282414520455
2,True 1,0.6776569624693091,0.23570676955454226,0.06664328305857593,0.0056120659417748155,0.014380918975797966
,True 2,0.26169590643274854,0.4824561403508772,0.21637426900584794,0.02412280701754386,0.015350877192982455
,True 3,0.07008547008547009,0.252991452991453,0.4284900284900285,0.18575498575498575,0.06267806267806268
,True 4,0.01290609701824655,0.04459279038718291,0.1812194036493102,0.44076546506453046,0.32051624388072986
,True 5,0.006848779979688029,0.009791411681987449,0.03645738392229369,0.23194708471133565,0.7149553397046952
3,True 1,0.6930901438091898,0.22167660470010522,0.058926692388635564,0.011224131883549631,0.015082427218519818
,True 2,0.2733918128654971,0.4546783625730994,0.2309941520467836,0.023391812865497075,0.017543859649122806
,True 3,0.07492877492877494,0.2643874643874644,0.42735042735042733,0.17435897435897435,0.05897435897435897
,True 4,0.012995104583889631,0.03943035157988429,0.17676902536715622,0.4580329327992879,0.31277258566978194
,True 5,0.00864560818728679,0.008827895106898258,0.03882711387724278,0.22991588760709356,0.7137834952214787
4,True 1,0.6737986671343388,0.24517713083128725,0.055769905296387236,0.011574886004910558,0.013679410733076113
,True 2,0.2580409356725146,0.4678362573099415,0.23026315789473684,0.03216374269005848,0.011695906432748537
,True 3,0.06153846153846154,0.2695156695156695,0.41908831908831906,0.19487179487179487,0.05498575498575498
,True 4,0.01326212728081887,0.04227859368046284,0.18789497107254116,0.45794392523364486,0.2986203827325323
,True 5,0.0073175177729746625,0.009452878831280435,0.039191687716465716,0.2374156922996797,0.7066222233795995
5,True 1,0.6780077165906699,0.24202034373903894,0.05647141353910908,0.009119607155384075,0.014380918975797966
,True 2,0.27997076023391815,0.4612573099415205,0.22002923976608188,0.029970760233918127,0.008771929824561403
,True 3,0.07037037037037037,0.25555555555555554,0.41794871794871796,0.19344729344729344,0.06267806267806268
,True 4,0.014152202937249666,0.04085447263017356,0.18175344904316867,0.4459279038718291,0.317311971517579
,True 5,0.007656050623681675,0.008567485221739017,0.037837556313637666,0.22384833728288325,0.7220905705580584
6,True 1,0.6902841108383023,0.23535601543318135,0.053314626446860754,0.008067344791301298,0.012977902490354262
,True 2,0.27266081871345027,0.47002923976608185,0.2149122807017544,0.025584795321637425,0.016812865497076022
,True 3,0.07464387464387465,0.2643874643874644,0.41595441595441596,0.17692307692307693,0.0680911680911681
,True 4,0.013885180240320427,0.03827325322652426,0.1886070315976858,0.4348019581664441,0.32443257676902537
,True 5,0.007994583474388688,0.008046665451420536,0.039321892659045336,0.21788495091273666,0.7267519075024088
7,True 1,0.6822167660470011,0.23640827779726412,0.05682216766047001,0.011925640126271484,0.012627148368993335
,True 2,0.2565789473684211,0.4583333333333333,0.24342105263157895,0.02850877192982456,0.013157894736842105
,True 3,0.06011396011396011,0.24245014245014246,0.4461538461538462,0.1908831908831909,0.0603988603988604
,True 4,0.012728081886960391,0.03693813974187806,0.19546061415220295,0.45260347129506007,0.30226969292389855
,True 5,0.007083148876331345,0.008984141037993802,0.04140517174031926,0.22890028905497253,0.713627249290383
8,True 1,0.6801122413188355,0.24131883549631708,0.061381971238162046,0.004910557699052964,0.012276394247632409
,True 2,0.2867593269934162,0.4579370885149963,0.21653255303584493,0.023408924652523776,0.015362106803218726
,True 3,0.06778695528339504,0.26203360865850184,0.4189689547137568,0.18741099401879807,0.06379948732554827
,True 4,0.013885180240320427,0.039163328882955054,0.18762794837561192,0.44744103248776146,0.31188251001335116
,True 5,0.007604166666666667,0.009010416666666667,0.03958333333333333,0.22190104166666666,0.7219010416666667
9,True 1,0.673562412342216,0.24614305750350632,0.057152875175315566,0.009817671809256662,0.01332398316970547
,True 2,0.2677395757132407,0.4820775420629115,0.21141185076810534,0.026335040234089245,0.012435991221653255
,True 3,0.07749287749287749,0.25754985754985754,0.40683760683760684,0.19943019943019943,0.05868945868945869
,True 4,0.012016021361815754,0.040142412105028925,0.16964842011570982,0.4585669781931464,0.31962616822429907
,True 5,0.007838541666666667,0.008125,0.0340625,0.23484375,0.7151302083333333
10,True 1,0.6791725105189341,0.23948106591865356,0.05750350631136045,0.010518934081346423,0.01332398316970547
,True 2,0.3035844915874177,0.4520848573518654,0.20848573518653987,0.023408924652523776,0.012435991221653255
,True 3,0.0754985754985755,0.2601139601139601,0.4222222222222222,0.18433048433048432,0.05783475783475783
,True 4,0.012995104583889631,0.041922563417890524,0.18691588785046728,0.44174454828660437,0.3164218958611482
,True 5,0.007994791666666667,0.009479166666666667,0.03598958333333333,0.22083333333333333,0.725703125
,,Predicted 1,Predicted 2,Predicted 3,Predicted 4,Predicted 5
AVG,True 1,1941.7272727272727,678.9090909090909,166.45454545454547,24.90909090909091,39.27272727272727
,True 2,375.09090909090907,632.7272727272727,304.45454545454544,36.09090909090909,19.272727272727273
,True 3,252.72727272727272,911.4545454545455,1480.1818181818182,650.3636363636364,215.36363636363637
,True 4,147.0,454.54545454545456,2076.5454545454545,5018.454545454545,3538.4545454545455
,True 5,291.27272727272725,340.0,1476.6363636363637,8706.727272727272,27586.090909090908
0,True 1,1942.0,673.0,179.0,18.0,40.0
,True 2,391.0,616.0,305.0,30.0,25.0
,True 3,282.0,956.0,1447.0,608.0,217.0
,True 4,140.0,454.0,2098.0,4920.0,3623.0
,True 5,312.0,308.0,1527.0,8374.0,27880.0
1,True 1,1945.0,684.0,158.0,20.0,44.0
,True 2,370.0,618.0,319.0,43.0,18.0
,True 3,278.0,895.0,1486.0,623.0,228.0
,True 4,142.0,461.0,2140.0,4918.0,3574.0
,True 5,243.0,349.0,1557.0,8775.0,27477.0
2,True 1,1932.0,672.0,190.0,16.0,41.0
,True 2,358.0,660.0,296.0,33.0,21.0
,True 3,246.0,888.0,1504.0,652.0,220.0
,True 4,145.0,501.0,2036.0,4952.0,3601.0
,True 5,263.0,376.0,1400.0,8907.0,27455.0
3,True 1,1976.0,632.0,168.0,32.0,43.0
,True 2,374.0,622.0,316.0,32.0,24.0
,True 3,263.0,928.0,1500.0,612.0,207.0
,True 4,146.0,443.0,1986.0,5146.0,3514.0
,True 5,332.0,339.0,1491.0,8829.0,27410.0
4,True 1,1921.0,699.0,159.0,33.0,39.0
,True 2,353.0,640.0,315.0,44.0,16.0
,True 3,216.0,946.0,1471.0,684.0,193.0
,True 4,149.0,475.0,2111.0,5145.0,3355.0
,True 5,281.0,363.0,1505.0,9117.0,27135.0
5,True 1,1933.0,690.0,161.0,26.0,41.0
,True 2,383.0,631.0,301.0,41.0,12.0
,True 3,247.0,897.0,1467.0,679.0,220.0
,True 4,159.0,459.0,2042.0,5010.0,3565.0
,True 5,294.0,329.0,1453.0,8596.0,27729.0
6,True 1,1968.0,671.0,152.0,23.0,37.0
,True 2,373.0,643.0,294.0,35.0,23.0
,True 3,262.0,928.0,1460.0,621.0,239.0
,True 4,156.0,430.0,2119.0,4885.0,3645.0
,True 5,307.0,309.0,1510.0,8367.0,27908.0
7,True 1,1945.0,674.0,162.0,34.0,36.0
,True 2,351.0,627.0,333.0,39.0,18.0
,True 3,211.0,851.0,1566.0,670.0,212.0
,True 4,143.0,415.0,2196.0,5085.0,3396.0
,True 5,272.0,345.0,1590.0,8790.0,27404.0
8,True 1,1939.0,688.0,175.0,14.0,35.0
,True 2,392.0,626.0,296.0,32.0,21.0
,True 3,238.0,920.0,1471.0,658.0,224.0
,True 4,156.0,440.0,2108.0,5027.0,3504.0
,True 5,292.0,346.0,1520.0,8521.0,27721.0
9,True 1,1921.0,702.0,163.0,28.0,38.0
,True 2,366.0,659.0,289.0,36.0,17.0
,True 3,272.0,904.0,1428.0,700.0,206.0
,True 4,135.0,451.0,1906.0,5152.0,3591.0
,True 5,301.0,312.0,1308.0,9018.0,27461.0
10,True 1,1937.0,683.0,164.0,30.0,38.0
,True 2,415.0,618.0,285.0,32.0,17.0
,True 3,265.0,913.0,1482.0,647.0,203.0
,True 4,146.0,471.0,2100.0,4963.0,3555.0
,True 5,307.0,364.0,1382.0,8480.0,27867.0
