,Rounded RMSE,Rounded MSE,Rounded MAE,Accuracy,Log Loss
0,0.8231590766737183,0.6775908655103285,0.44581190621459077,0.6410877712891135,0.8957036920476261
1,0.8200720004614868,0.6725180859409048,0.45200034864464395,0.6321973328684738,0.8996578808872298
2,0.8246401506220488,0.6800313780179552,0.4547023446352305,0.6304366774165432,0.9011600417571297
3,0.8258864216205763,0.6820883814172405,0.45058833783665997,0.6364856619890177,0.9003498302474554
4,0.8336595427650707,0.6949882332432668,0.46104767715505973,0.6274209012464046,0.9021729537354419
5,0.8210067736470084,0.67405212237427,0.44826985095441474,0.6373049769022924,0.8970794612983529
6,0.8221737455769168,0.6759696679159767,0.44840930881199337,0.637496731456463,0.8967448512336144
7,0.8197318186520455,0.67196025451059,0.450117667567332,0.6337662337662338,0.8965143108830814
8,0.8236320229479291,0.678369709225298,0.4485740185482184,0.6384492015898473,0.8966055231696215
9,0.8194624595085218,0.6715187225437557,0.44810334007391395,0.6353636427027404,0.8984173259083323
10,0.8240023349410397,0.6789798479882854,0.4501952444041559,0.6359737814657276,0.8980050414889779
AVG,0.8234023952196693,0.6780061153352611,0.4507109131678376,0.6350893556993507,0.8984009920597149
,,,,,
,,Predicted 1,Predicted 2,Predicted 3,Predicted 4,Predicted 5
AVG,True 1,0.6868067457490572,0.2298494038096736,0.05959064538803052,0.00921428348777233,0.014538921565466224
,True 2,0.29194599714466507,0.4510114816201907,0.21609649414485207,0.026388854859766962,0.014557172230525328
,True 3,0.07938162452545819,0.2602365776675091,0.4125250710554043,0.18409263342330845,0.06376409332832003
,True 4,0.014564874377958493,0.044172027349597444,0.18640611724723877,0.4387182910547397,0.3161386899704656
,True 5,0.00793545705239289,0.009090739121672969,0.04064552811617911,0.2267262806790464,0.7156019950307086
0,True 1,0.6837307152875175,0.2300140252454418,0.0620617110799439,0.008415147265077139,0.015778401122019635
,True 2,0.2867593269934162,0.45501097293343085,0.21287490855888808,0.027798098024871983,0.01755669348939283
,True 3,0.08547008547008547,0.2740740740740741,0.4028490028490028,0.1683760683760684,0.06923076923076923
,True 4,0.015131286159323543,0.04441477525589675,0.18228749443702716,0.43008455718736094,0.32808188696039164
,True 5,0.008619567198770866,0.008254993359547928,0.03984271242936382,0.2152287700841124,0.728053956928205
1,True 1,0.6787092248333918,0.23921431076815153,0.05822518414591372,0.008418098912662224,0.015433181339880744
,True 2,0.2821637426900585,0.43932748538011696,0.23391812865497075,0.03070175438596491,0.013888888888888888
,True 3,0.08034188034188035,0.25413105413105413,0.4150997150997151,0.1866096866096866,0.06381766381766382
,True 4,0.012995104583889631,0.04512683578104139,0.18914107699154428,0.43880729862038276,0.313929684023142
,True 5,0.0073175177729746625,0.008619567198770866,0.04150933569438296,0.23051483034295983,0.7120387489909117
2,True 1,0.6857243072606103,0.22167660470010522,0.0715538407576289,0.006313574184496668,0.014731673097158891
,True 2,0.2894736842105263,0.4619883040935672,0.21198830409356725,0.019736842105263157,0.016812865497076022
,True 3,0.07663817663817664,0.2564102564102564,0.42450142450142453,0.17777777777777778,0.06467236467236467
,True 4,0.01557632398753894,0.04459279038718291,0.18789497107254116,0.43079661771250555,0.3211392968402314
,True 5,0.007525845681102055,0.009635165750891904,0.03882711387724278,0.23444701960886435,0.7095648550818989
3,True 1,0.6994037179936864,0.2146615222728867,0.05962820063135742,0.010171869519466853,0.016134689582602595
,True 2,0.28362573099415206,0.4422514619883041,0.23391812865497075,0.02266081871345029,0.017543859649122806
,True 3,0.07920227920227921,0.26695156695156697,0.4094017094017094,0.18091168091168092,0.06353276353276353
,True 4,0.014241210502892745,0.041744548286604365,0.17828215398308855,0.4447708055184691,0.3209612817089453
,True 5,0.008098747428452385,0.009400796854248588,0.04179578656805812,0.22512434572016354,0.7155803234290774
4,True 1,0.6776569624693091,0.2346545071904595,0.05962820063135742,0.012977902490354262,0.015082427218519818
,True 2,0.27631578947368424,0.4597953216374269,0.21783625730994152,0.03289473684210526,0.013157894736842105
,True 3,0.07008547008547009,0.2726495726495726,0.40712250712250714,0.19344729344729344,0.05669515669515669
,True 4,0.015220293724966623,0.04672897196261682,0.1908322207387628,0.451357365376057,0.2958611481975968
,True 5,0.007890419520324992,0.009661206739407829,0.0431759589594021,0.2379625530585141,0.701309861722351
5,True 1,0.6965976850227991,0.22588565415643633,0.05366538056822168,0.009821115398105928,0.01403016485443704
,True 2,0.2989766081871345,0.44371345029239767,0.22002923976608188,0.027777777777777776,0.009502923976608187
,True 3,0.08091168091168091,0.2532763532763533,0.4153846153846154,0.18005698005698006,0.07037037037037037
,True 4,0.015131286159323543,0.04379172229639519,0.1886960391633289,0.43595905651980416,0.3164218958611482
,True 5,0.007708132600713523,0.009062264003541574,0.04085831098148486,0.22337959948959663,0.7189916929246635
6,True 1,0.682567520168362,0.2378112942827078,0.057523675903191865,0.005962820063135742,0.016134689582602595
,True 2,0.30409356725146197,0.4451754385964912,0.20614035087719298,0.027046783625730993,0.017543859649122806
,True 3,0.08376068376068375,0.2566951566951567,0.41367521367521365,0.18005698005698006,0.06581196581196581
,True 4,0.015398308856252782,0.04147752558967512,0.19216733422340898,0.427948375611927,0.3230084557187361
,True 5,0.008020624462904613,0.008411239290643472,0.0416655816254785,0.219134918361501,0.7227676362594724
7,True 1,0.6934408979305506,0.2241318835496317,0.05857593826727464,0.011574886004910558,0.012276394247632409
,True 2,0.2733918128654971,0.4480994152046784,0.23318713450292397,0.029970760233918127,0.015350877192982455
,True 3,0.07179487179487179,0.23504273504273504,0.4444444444444444,0.19145299145299147,0.05726495726495726
,True 4,0.014419225634178905,0.04129951045838896,0.19670672007120604,0.4432576769025367,0.30431686693368937
,True 5,0.007760214577745371,0.008749772141350486,0.04124892580922372,0.23324913413713186,0.7089919533345486
8,True 1,0.687127323746054,0.2374605401613469,0.058926692388635564,0.00526131182041389,0.011224131883549631
,True 2,0.3043160204828091,0.45501097293343085,0.20190197512801755,0.023408924652523776,0.015362106803218726
,True 3,0.07547707205924238,0.2657362574765024,0.4070065508402165,0.1834235260609513,0.06835659356308744
,True 4,0.015665331553182022,0.04414775255896751,0.18851802403204274,0.43818424566088116,0.31348464619492655
,True 5,0.008125,0.009244791666666667,0.042317708333333336,0.21919270833333335,0.7211197916666666
9,True 1,0.6819775596072931,0.2373772791023843,0.05434782608695652,0.012272089761570827,0.014025245441795231
,True 2,0.29114850036576445,0.4564740307242136,0.21287490855888808,0.027066569129480616,0.012435991221653255
,True 3,0.0829059829059829,0.25811965811965815,0.4,0.19202279202279202,0.06695156695156695
,True 4,0.012283044058744993,0.04539385847797063,0.17009345794392525,0.4504672897196262,0.32176234979973295
,True 5,0.008411458333333333,0.008880208333333334,0.03669270833333333,0.23213541666666668,0.7138802083333333
10,True 1,0.6879382889200562,0.22545582047685833,0.061360448807854136,0.010168302945301542,0.015077138849929873
,True 2,0.32114118507681055,0.4542794440380395,0.19239209948792976,0.02121433796634967,0.010972933430870519
,True 3,0.08660968660968661,0.2695156695156695,0.39829059829059826,0.1908831908831909,0.0547008547008547
,True 4,0.014152202937249666,0.04717400979083222,0.18584779706275034,0.4342679127725857,0.3185580774365821
,True 5,0.0078125,0.010078125,0.03916666666666667,0.22361979166666668,0.7193229166666667
,,Predicted 1,Predicted 2,Predicted 3,Predicted 4,Predicted 5
AVG,True 1,1958.2727272727273,655.3636363636364,169.9090909090909,26.272727272727273,41.45454545454545
,True 2,399.27272727272725,616.8181818181819,295.54545454545456,36.09090909090909,19.90909090909091
,True 3,278.6363636363636,913.4545454545455,1448.0,646.1818181818181,223.8181818181818
,True 4,163.63636363636363,496.27272727272725,2094.2727272727275,4929.0,3551.818181818182
,True 5,304.72727272727275,349.09090909090907,1560.8181818181818,8706.454545454546,27479.636363636364
0,True 1,1950.0,656.0,177.0,24.0,45.0
,True 2,392.0,622.0,291.0,38.0,24.0
,True 3,300.0,962.0,1414.0,591.0,243.0
,True 4,170.0,499.0,2048.0,4832.0,3686.0
,True 5,331.0,317.0,1530.0,8265.0,27958.0
1,True 1,1935.0,682.0,166.0,24.0,44.0
,True 2,386.0,601.0,320.0,42.0,19.0
,True 3,282.0,892.0,1457.0,655.0,224.0
,True 4,146.0,507.0,2125.0,4930.0,3527.0
,True 5,281.0,331.0,1594.0,8852.0,27343.0
2,True 1,1955.0,632.0,204.0,18.0,42.0
,True 2,396.0,632.0,290.0,27.0,23.0
,True 3,269.0,900.0,1490.0,624.0,227.0
,True 4,175.0,501.0,2111.0,4840.0,3608.0
,True 5,289.0,370.0,1491.0,9003.0,27248.0
3,True 1,1994.0,612.0,170.0,29.0,46.0
,True 2,388.0,605.0,320.0,31.0,24.0
,True 3,278.0,937.0,1437.0,635.0,223.0
,True 4,160.0,469.0,2003.0,4997.0,3606.0
,True 5,311.0,361.0,1605.0,8645.0,27479.0
4,True 1,1932.0,669.0,170.0,37.0,43.0
,True 2,378.0,629.0,298.0,45.0,18.0
,True 3,246.0,957.0,1429.0,679.0,199.0
,True 4,171.0,525.0,2144.0,5071.0,3324.0
,True 5,303.0,371.0,1658.0,9138.0,26931.0
5,True 1,1986.0,644.0,153.0,28.0,40.0
,True 2,409.0,607.0,301.0,38.0,13.0
,True 3,284.0,889.0,1458.0,632.0,247.0
,True 4,170.0,492.0,2120.0,4898.0,3555.0
,True 5,296.0,348.0,1569.0,8578.0,27610.0
6,True 1,1946.0,678.0,164.0,17.0,46.0
,True 2,416.0,609.0,282.0,37.0,24.0
,True 3,294.0,901.0,1452.0,632.0,231.0
,True 4,173.0,466.0,2159.0,4808.0,3629.0
,True 5,308.0,323.0,1600.0,8415.0,27755.0
7,True 1,1977.0,639.0,167.0,33.0,35.0
,True 2,374.0,613.0,319.0,41.0,21.0
,True 3,252.0,825.0,1560.0,672.0,201.0
,True 4,162.0,464.0,2210.0,4980.0,3419.0
,True 5,298.0,336.0,1584.0,8957.0,27226.0
8,True 1,1959.0,677.0,168.0,15.0,32.0
,True 2,416.0,622.0,276.0,32.0,21.0
,True 3,265.0,933.0,1429.0,644.0,240.0
,True 4,176.0,496.0,2118.0,4923.0,3522.0
,True 5,312.0,355.0,1625.0,8417.0,27691.0
9,True 1,1945.0,677.0,155.0,35.0,40.0
,True 2,398.0,624.0,291.0,37.0,17.0
,True 3,291.0,906.0,1404.0,674.0,235.0
,True 4,138.0,510.0,1911.0,5061.0,3615.0
,True 5,323.0,341.0,1409.0,8914.0,27413.0
10,True 1,1962.0,643.0,175.0,29.0,43.0
,True 2,439.0,621.0,263.0,29.0,15.0
,True 3,304.0,946.0,1398.0,670.0,192.0
,True 4,159.0,530.0,2088.0,4879.0,3579.0
,True 5,300.0,387.0,1504.0,8587.0,27622.0
