,Rounded RMSE,Rounded MSE,Rounded MAE,Accuracy,Log Loss
0,0.8152110083033233,0.664568988058921,0.44091344896714024,0.6432319358493855,0.8868194542852376
1,0.8171012747253849,0.6676544931578489,0.45111130480258,0.6321973328684738,0.8906508979576158
2,0.8127803340079818,0.6606118713501263,0.44490543014032946,0.6368343066329644,0.8916641159120722
3,0.8198275090531947,0.6721171446003661,0.44567244835701214,0.6388738778000523,0.8892819958866297
4,0.8236248440443084,0.6783578837270112,0.45247101891397196,0.6323716551904471,0.8928519565926438
5,0.814001932319956,0.6625991458206223,0.4419419506667829,0.6413492547720736,0.8878401758441637
6,0.8145692445256456,0.663523054127081,0.4420639762921642,0.6412097969144949,0.8878449093987988
7,0.8132520455349675,0.661378889566809,0.4448705656759348,0.636764577704175,0.8868947192203943
8,0.8150791067207385,0.664353950212677,0.4425772261348581,0.64132557004393,0.8878148617598729
9,0.8106182919236227,0.6571020152011715,0.442123980196639,0.6381702810124817,0.890179710388022
10,0.8120256630355671,0.6593856774283523,0.44029356390767727,0.641970573879088,0.8877105907164564
AVG,0.8152810231086082,0.6646957375682715,0.4444495376413718,0.638572651151597,0.8890503079965371
,,,,,
,,Predicted 1,Predicted 2,Predicted 3,Predicted 4,Predicted 5
AVG,True 1,0.682470596558835,0.23533345321792867,0.0594629866299756,0.0085766717069776,0.014156291886283036
,True 2,0.2777213866614398,0.4629757319858579,0.21842306521107585,0.027053443611022635,0.013826372530603847
,True 3,0.0733988587021911,0.2596408401876929,0.4204502871834117,0.18401492596878527,0.062495087957919054
,True 4,0.013512966783994823,0.04172027349597443,0.18607436177529635,0.44206012056479344,0.31663227737994093
,True 5,0.00785259849855946,0.008690649110108402,0.039757759807687296,0.22469980627822583,0.7189991863054189
0,True 1,0.679523141654979,0.23387096774193547,0.06556802244039271,0.005610098176718092,0.015427769985974754
,True 2,0.2852962692026335,0.451353328456474,0.2194586686174104,0.024140453547915143,0.019751280175566936
,True 3,0.07891737891737892,0.2729344729344729,0.40911680911680914,0.17464387464387465,0.06438746438746439
,True 4,0.01344014241210503,0.04281263907432132,0.18202047174009792,0.4372051624388073,0.32452158433466843
,True 5,0.008228952371032005,0.008176870394000156,0.039764589463816044,0.21478607327934168,0.7290435144918102
1,True 1,0.6741494212556998,0.24447562258856542,0.058926692388635564,0.008418098912662224,0.01403016485443704
,True 2,0.27631578947368424,0.4480994152046784,0.23391812865497075,0.029239766081871343,0.012426900584795321
,True 3,0.07692307692307693,0.2564102564102564,0.42136752136752137,0.18205128205128204,0.06324786324786325
,True 4,0.012372051624388073,0.04361370716510903,0.18923008455718737,0.43747218513573655,0.317311971517579
,True 5,0.007057107887815422,0.008307075336579777,0.0431759589594021,0.22957735475638655,0.7118825030598162
2,True 1,0.6804629954401964,0.2336022448263767,0.06594177481585409,0.0056120659417748155,0.014380918975797966
,True 2,0.2675438596491228,0.483187134502924,0.2141812865497076,0.02266081871345029,0.012426900584795321
,True 3,0.07236467236467237,0.24843304843304842,0.43703703703703706,0.17692307692307693,0.06524216524216524
,True 4,0.01326212728081887,0.04263462394303516,0.1894971072541166,0.4331108144192256,0.32149532710280376
,True 5,0.007265435795942814,0.009270591911668968,0.03833233509544022,0.22819718236504258,0.7169344548319054
3,True 1,0.6997544721150474,0.21360925990880392,0.06103121711680112,0.009119607155384075,0.016485443703963522
,True 2,0.26973684210526316,0.4605263157894737,0.22660818713450293,0.024853801169590642,0.01827485380116959
,True 3,0.07606837606837606,0.2698005698005698,0.4168091168091168,0.17749287749287748,0.05982905982905983
,True 4,0.013618157543391188,0.038807298620382735,0.17943925233644858,0.44868713840676455,0.3194481530930129
,True 5,0.008385198302127549,0.008697690164318638,0.040259368245618606,0.22600973932970495,0.7166480039582303
4,True 1,0.6755524377411435,0.2388635566467906,0.058926692388635564,0.012627148368993335,0.01403016485443704
,True 2,0.26608187134502925,0.46345029239766083,0.22587719298245615,0.03289473684210526,0.011695906432748537
,True 3,0.06125356125356125,0.2720797720797721,0.41623931623931626,0.19515669515669515,0.05527065527065527
,True 4,0.014419225634178905,0.04396973742768135,0.1886070315976858,0.4556297285269248,0.2973742768135291
,True 5,0.007942501497356839,0.009452878831280435,0.040676024061873386,0.23528033124137393,0.7066482643681155
5,True 1,0.6885303402314977,0.2336022448263767,0.055769905296387236,0.008418098912662224,0.013679410733076113
,True 2,0.2807017543859649,0.46345029239766083,0.2185672514619883,0.03070175438596491,0.006578947368421052
,True 3,0.07122507122507123,0.25213675213675213,0.4233618233618234,0.18575498575498575,0.06752136752136752
,True 4,0.014330218068535825,0.0420115709835336,0.18397863818424567,0.4397863818424566,0.3198931909212283
,True 5,0.007682091612197599,0.009244550923153043,0.03953022056717273,0.22046300877581312,0.7230801281216634
6,True 1,0.6839705366538057,0.23921431076815153,0.055419151175026306,0.0073658365485794455,0.01403016485443704
,True 2,0.27997076023391815,0.46637426900584794,0.20833333333333334,0.027777777777777776,0.017543859649122806
,True 3,0.07834757834757834,0.2586894586894587,0.41937321937321936,0.17749287749287748,0.0660968660968661
,True 4,0.014864263462394304,0.03987538940809969,0.1902981753449043,0.430173564753004,0.3247886070315977
,True 5,0.008020624462904613,0.008307075336579777,0.03958230254420458,0.21780682794718886,0.7262831697091222
7,True 1,0.6846720448965276,0.23254998246229394,0.058926692388635564,0.011224131883549631,0.012627148368993335
,True 2,0.2631578947368421,0.44883040935672514,0.2448830409356725,0.029239766081871343,0.013888888888888888
,True 3,0.06296296296296296,0.243019943019943,0.4455840455840456,0.1886039886039886,0.05982905982905983
,True 4,0.013084112149532711,0.03791722296395193,0.19902091677792613,0.4460169114374722,0.30396083667111706
,True 5,0.00781229655477722,0.008359157313611625,0.04093643394703263,0.22970755969896617,0.7131845524856123
8,True 1,0.6804629954401964,0.24517713083128725,0.05787443002455279,0.004559803577692038,0.011925640126271484
,True 2,0.28383321141185075,0.4740307242136064,0.20263350402340893,0.024140453547915143,0.015362106803218726
,True 3,0.07006550840216462,0.2671603531757334,0.4144118484762176,0.18370834520079748,0.06465394474508687
,True 4,0.014063195371606586,0.043524699599465956,0.187716955941255,0.4416555407209613,0.3130396083667112
,True 5,0.008151041666666666,0.008203125,0.04161458333333334,0.21848958333333332,0.7235416666666666
9,True 1,0.6788218793828892,0.23772791023842918,0.057152875175315566,0.011220196353436185,0.015077138849929873
,True 2,0.2713972201901975,0.4747622531089978,0.21141185076810534,0.029992684711046085,0.012435991221653255
,True 3,0.07891737891737892,0.25783475783475784,0.40370370370370373,0.196011396011396,0.06353276353276353
,True 4,0.012194036493101914,0.0406764574988874,0.16955941255006676,0.4528704939919893,0.3246995994659546
,True 5,0.008151041666666666,0.00796875,0.03627604166666667,0.23098958333333333,0.7166145833333334
10,True 1,0.6812762973352033,0.23597475455820477,0.05855539971949509,0.010168302945301542,0.014025245441795231
,True 2,0.3108997805413314,0.4586686174103877,0.196781272860278,0.021945866861741038,0.011704462326261888
,True 3,0.08034188034188035,0.25754985754985754,0.41794871794871796,0.18632478632478633,0.05783475783475783
,True 4,0.012995104583889631,0.043079661771250555,0.18744993324432577,0.44005340453938585,0.3164218958611482
,True 5,0.007682291666666666,0.009609375,0.0371875,0.220390625,0.7251302083333333
,,Predicted 1,Predicted 2,Predicted 3,Predicted 4,Predicted 5
AVG,True 1,1945.909090909091,671.0,169.54545454545453,24.454545454545453,40.36363636363637
,True 2,379.8181818181818,633.1818181818181,298.72727272727275,37.0,18.90909090909091
,True 3,257.6363636363636,911.3636363636364,1475.8181818181818,645.9090909090909,219.36363636363637
,True 4,151.8181818181818,468.72727272727275,2090.5454545454545,4966.545454545455,3557.3636363636365
,True 5,301.54545454545456,333.72727272727275,1526.7272727272727,8628.636363636364,27610.090909090908
0,True 1,1938.0,667.0,187.0,16.0,44.0
,True 2,390.0,617.0,300.0,33.0,27.0
,True 3,277.0,958.0,1436.0,613.0,226.0
,True 4,151.0,481.0,2045.0,4912.0,3646.0
,True 5,316.0,314.0,1527.0,8248.0,27996.0
1,True 1,1922.0,697.0,168.0,24.0,40.0
,True 2,378.0,613.0,320.0,40.0,17.0
,True 3,270.0,900.0,1479.0,639.0,222.0
,True 4,139.0,490.0,2126.0,4915.0,3565.0
,True 5,271.0,319.0,1658.0,8816.0,27337.0
2,True 1,1940.0,666.0,188.0,16.0,41.0
,True 2,366.0,661.0,293.0,31.0,17.0
,True 3,254.0,872.0,1534.0,621.0,229.0
,True 4,149.0,479.0,2129.0,4866.0,3612.0
,True 5,279.0,356.0,1472.0,8763.0,27531.0
3,True 1,1995.0,609.0,174.0,26.0,47.0
,True 2,369.0,630.0,310.0,34.0,25.0
,True 3,267.0,947.0,1463.0,623.0,210.0
,True 4,153.0,436.0,2016.0,5041.0,3589.0
,True 5,322.0,334.0,1546.0,8679.0,27520.0
4,True 1,1926.0,681.0,168.0,36.0,40.0
,True 2,364.0,634.0,309.0,45.0,16.0
,True 3,215.0,955.0,1461.0,685.0,194.0
,True 4,162.0,494.0,2119.0,5119.0,3341.0
,True 5,305.0,363.0,1562.0,9035.0,27136.0
5,True 1,1963.0,666.0,159.0,24.0,39.0
,True 2,384.0,634.0,299.0,42.0,9.0
,True 3,250.0,885.0,1486.0,652.0,237.0
,True 4,161.0,472.0,2067.0,4941.0,3594.0
,True 5,295.0,355.0,1518.0,8466.0,27767.0
6,True 1,1950.0,682.0,158.0,21.0,40.0
,True 2,383.0,638.0,285.0,38.0,24.0
,True 3,275.0,908.0,1472.0,623.0,232.0
,True 4,167.0,448.0,2138.0,4833.0,3649.0
,True 5,308.0,319.0,1520.0,8364.0,27890.0
7,True 1,1952.0,663.0,168.0,32.0,36.0
,True 2,360.0,614.0,335.0,40.0,19.0
,True 3,221.0,853.0,1564.0,662.0,210.0
,True 4,147.0,426.0,2236.0,5011.0,3415.0
,True 5,300.0,321.0,1572.0,8821.0,27387.0
8,True 1,1940.0,699.0,165.0,13.0,34.0
,True 2,388.0,648.0,277.0,33.0,21.0
,True 3,246.0,938.0,1455.0,645.0,227.0
,True 4,158.0,489.0,2109.0,4962.0,3517.0
,True 5,313.0,315.0,1598.0,8390.0,27784.0
9,True 1,1936.0,678.0,163.0,32.0,43.0
,True 2,371.0,649.0,289.0,41.0,17.0
,True 3,277.0,905.0,1417.0,688.0,223.0
,True 4,137.0,457.0,1905.0,5088.0,3648.0
,True 5,313.0,306.0,1393.0,8870.0,27518.0
10,True 1,1943.0,673.0,167.0,29.0,40.0
,True 2,425.0,627.0,269.0,30.0,16.0
,True 3,282.0,904.0,1467.0,654.0,203.0
,True 4,146.0,484.0,2106.0,4944.0,3555.0
,True 5,295.0,369.0,1428.0,8463.0,27845.0
