,Rounded RMSE,Rounded MSE,Rounded MAE,Accuracy,Log Loss
0,0.7992204401483445,0.6387533119509134,0.4330637289081021,0.645586389624878,0.873368772964949
1,0.8137022069225881,0.6621112815506903,0.4440105982429229,0.6387533119509134,0.8828382220918709
2,0.8114712360068875,0.6584855668665458,0.44108213638265237,0.6397294659043369,0.8858315757593829
3,0.8009912971345008,0.6415870580852102,0.4353252911233526,0.641726518373893,0.8771622426600877
4,0.817151064499848,0.6677358622132348,0.45045673244543616,0.6318945680217558,0.8947326041403337
5,0.7892839220116274,0.6229691095460568,0.4309322920298445,0.6436789624154522,0.8777625833274894
6,0.811971991356799,0.6592985147479256,0.4427166864235409,0.6395648838993097,0.8810349799643812
7,0.8239494434174093,0.6788926853078586,0.4568719057248449,0.6274318387839063,0.8966400994883981
8,0.800250989147409,0.6404016456314064,0.43902098877344675,0.6383794714455059,0.8809708506449635
9,0.7977200619638479,0.6363572972596053,0.43734746530925317,0.6379610905794575,0.8812555880035754
10,0.811757269155145,0.6589498640262186,0.43860260790739836,0.6434000418380866,0.8742134609033809
AVG,0.8070427201604006,0.6514129270168787,0.44085731211552676,0.6389187766215905,0.8823464527226194
,,,,,
,,Predicted 1,Predicted 2,Predicted 3,Predicted 4,Predicted 5
AVG,True 1,0.6708361567675749,0.25123938615554986,0.05547743855180388,0.009948039259226361,0.012498979265845016
,True 2,0.2767870088444251,0.4613225946765072,0.21535543738044122,0.031642244329387406,0.014892714769238924
,True 3,0.06909674611744465,0.25691641599959203,0.4267067104317723,0.18688284129072902,0.060397286160462034
,True 4,0.011036923995272162,0.042627003022161436,0.18193183443272443,0.44766352998820075,0.3167407085616413
,True 5,0.0073388050644977,0.0087970831636856,0.03822814088968005,0.22740823635795512,0.7182277345241815
0,True 1,0.6521739130434783,0.2664796633941094,0.06451612903225806,0.005610098176718092,0.011220196353436185
,True 2,0.2953216374269006,0.4473684210526316,0.2134502923976608,0.03508771929824561,0.008771929824561403
,True 3,0.06378132118451026,0.265375854214123,0.40888382687927105,0.20956719817767655,0.05239179954441914
,True 4,0.008187967248131008,0.04983980064079744,0.17443930224279103,0.4467782128871485,0.32075471698113206
,True 5,0.007291666666666667,0.008645833333333333,0.03833333333333333,0.21375,0.7319791666666666
1,True 1,0.6830294530154277,0.2244039270687237,0.06030855539971949,0.021037868162692847,0.011220196353436185
,True 2,0.3128654970760234,0.41812865497076024,0.2046783625730994,0.04093567251461988,0.023391812865497075
,True 3,0.0683371298405467,0.24829157175398633,0.4419134396355353,0.1788154897494305,0.06264236902050115
,True 4,0.013883944464222144,0.04022783908864364,0.1851192595229619,0.4467782128871485,0.3139907440370239
,True 5,0.007395833333333333,0.008125,0.04010416666666667,0.226875,0.7175
2,True 1,0.6802244039270687,0.2552594670406732,0.037868162692847124,0.009817671809256662,0.016830294530154277
,True 2,0.2807017543859649,0.4619883040935672,0.19298245614035087,0.03508771929824561,0.029239766081871343
,True 3,0.08997722095671981,0.2539863325740319,0.41116173120728927,0.19020501138952164,0.05466970387243736
,True 4,0.011035955856176576,0.03987184051263795,0.18832324670701317,0.44179423282306873,0.3189747241011036
,True 5,0.008125,0.008541666666666666,0.0365625,0.22489583333333332,0.721875
3,True 1,0.7036516853932584,0.21910112359550563,0.04915730337078652,0.007022471910112359,0.021067415730337078
,True 2,0.25146198830409355,0.47076023391812866,0.22514619883040934,0.038011695906432746,0.014619883040935672
,True 3,0.05922551252847381,0.24943052391799544,0.44533029612756264,0.18906605922551253,0.05694760820045558
,True 4,0.009611961552153792,0.04343182627269491,0.17942328230687077,0.4425062299750801,0.32502669989320043
,True 5,0.0069791666666666665,0.009479166666666667,0.034479166666666665,0.22958333333333333,0.7194791666666667
4,True 1,0.6643258426966292,0.25140449438202245,0.060393258426966294,0.01544943820224719,0.008426966292134831
,True 2,0.2953216374269006,0.4502923976608187,0.22807017543859648,0.02046783625730994,0.005847953216374269
,True 3,0.07630979498861047,0.2722095671981777,0.42596810933940776,0.1776765375854214,0.04783599088838269
,True 4,0.01245995016019936,0.03595585617657529,0.19437522249911,0.4595941616233535,0.29761480954076186
,True 5,0.008020833333333333,0.008333333333333333,0.043333333333333335,0.23510416666666667,0.7052083333333333
5,True 1,0.6718092566619915,0.25666199158485276,0.051893408134642355,0.008415147265077139,0.011220196353436185
,True 2,0.2807017543859649,0.43567251461988304,0.23684210526315788,0.03216374269005848,0.014619883040935672
,True 3,0.07639680729760548,0.26225769669327254,0.4184720638540479,0.17559863169897377,0.06727480045610035
,True 4,0.008187967248131008,0.04521181915272339,0.18547525809896762,0.45354218583125666,0.30758276966892134
,True 5,0.00625,0.0071875,0.037395833333333336,0.22395833333333334,0.7252083333333333
6,True 1,0.6760168302945302,0.2370266479663394,0.06311360448807854,0.008415147265077139,0.015427769985974754
,True 2,0.2573099415204678,0.4678362573099415,0.22514619883040934,0.04093567251461988,0.008771929824561403
,True 3,0.06841505131128849,0.2554161915621437,0.4321550741163056,0.17673888255416192,0.06727480045610035
,True 4,0.011391954432182272,0.043787824848700606,0.18939124243503025,0.43859024563901744,0.3168387326450694
,True 5,0.007395833333333333,0.008958333333333334,0.03947916666666667,0.2234375,0.7207291666666666
7,True 1,0.6283309957924264,0.28892005610098176,0.05750350631136045,0.011220196353436185,0.014025245441795231
,True 2,0.26900584795321636,0.49122807017543857,0.2046783625730994,0.02631578947368421,0.008771929824561403
,True 3,0.06841505131128849,0.25655644241733183,0.40820980615735464,0.20980615735461802,0.05701254275940707
,True 4,0.01673193307226771,0.03880384478462086,0.19295122819508723,0.43930224279102886,0.31221075115699537
,True 5,0.007083333333333333,0.009479166666666667,0.0425,0.23364583333333333,0.7072916666666667
8,True 1,0.6521739130434783,0.2650771388499299,0.06451612903225806,0.008415147265077139,0.009817671809256662
,True 2,0.26900584795321636,0.47368421052631576,0.2309941520467836,0.017543859649122806,0.008771929824561403
,True 3,0.06157354618015964,0.2542759407069555,0.44013683010262256,0.18129988597491448,0.06271379703534778
,True 4,0.007478632478632479,0.04309116809116809,0.17592592592592593,0.4444444444444444,0.32905982905982906
,True 5,0.006770128111655036,0.009165711905009895,0.03916258723049682,0.22685136964899488,0.7180502031038434
9,True 1,0.6661991584852734,0.26788218793828894,0.051893408134642355,0.0070126227208976155,0.0070126227208976155
,True 2,0.260233918128655,0.4619883040935672,0.23976608187134502,0.023391812865497075,0.014619883040935672
,True 3,0.06157354618015964,0.2702394526795895,0.43443557582668185,0.17103762827822122,0.06271379703534778
,True 4,0.009971509971509971,0.042735042735042736,0.16524216524216523,0.46652421652421655,0.31552706552706555
,True 5,0.0069784397458598066,0.00968649099052182,0.03416310800958233,0.23830850953025726,0.7108634517237787
10,True 1,0.7012622720897616,0.2314165497896213,0.04908835904628331,0.0070126227208976155,0.011220196353436185
,True 2,0.2727272727272727,0.49560117302052786,0.16715542521994134,0.03812316715542522,0.026392961876832845
,True 3,0.06605922551252848,0.23804100227790434,0.4271070615034169,0.1958997722095672,0.07289293849658314
,True 4,0.012464387464387465,0.045940170940170943,0.17058404558404558,0.4444444444444444,0.3265669515669516
,True 5,0.0084366211852932,0.009165711905009895,0.03499635454640142,0.22508072075825436,0.7223205916050411
,,Predicted 1,Predicted 2,Predicted 3,Predicted 4,Predicted 5
AVG,True 1,478.1818181818182,179.0909090909091,39.54545454545455,7.090909090909091,8.909090909090908
,True 2,94.63636363636364,157.72727272727272,73.63636363636364,10.818181818181818,5.090909090909091
,True 3,60.63636363636363,225.45454545454547,374.45454545454544,164.0,53.0
,True 4,31.0,119.72727272727273,511.0,1257.3636363636363,889.6363636363636
,True 5,70.45454545454545,84.45454545454545,367.0,2183.181818181818,6895.181818181818
0,True 1,465.0,190.0,46.0,4.0,8.0
,True 2,101.0,153.0,73.0,12.0,3.0
,True 3,56.0,233.0,359.0,184.0,46.0
,True 4,23.0,140.0,490.0,1255.0,901.0
,True 5,70.0,83.0,368.0,2052.0,7027.0
1,True 1,487.0,160.0,43.0,15.0,8.0
,True 2,107.0,143.0,70.0,14.0,8.0
,True 3,60.0,218.0,388.0,157.0,55.0
,True 4,39.0,113.0,520.0,1255.0,882.0
,True 5,71.0,78.0,385.0,2178.0,6888.0
2,True 1,485.0,182.0,27.0,7.0,12.0
,True 2,96.0,158.0,66.0,12.0,10.0
,True 3,79.0,223.0,361.0,167.0,48.0
,True 4,31.0,112.0,529.0,1241.0,896.0
,True 5,78.0,82.0,351.0,2159.0,6930.0
3,True 1,501.0,156.0,35.0,5.0,15.0
,True 2,86.0,161.0,77.0,13.0,5.0
,True 3,52.0,219.0,391.0,166.0,50.0
,True 4,27.0,122.0,504.0,1243.0,913.0
,True 5,67.0,91.0,331.0,2204.0,6907.0
4,True 1,473.0,179.0,43.0,11.0,6.0
,True 2,101.0,154.0,78.0,7.0,2.0
,True 3,67.0,239.0,374.0,156.0,42.0
,True 4,35.0,101.0,546.0,1291.0,836.0
,True 5,77.0,80.0,416.0,2257.0,6770.0
5,True 1,479.0,183.0,37.0,6.0,8.0
,True 2,96.0,149.0,81.0,11.0,5.0
,True 3,67.0,230.0,367.0,154.0,59.0
,True 4,23.0,127.0,521.0,1274.0,864.0
,True 5,60.0,69.0,359.0,2150.0,6962.0
6,True 1,482.0,169.0,45.0,6.0,11.0
,True 2,88.0,160.0,77.0,14.0,3.0
,True 3,60.0,224.0,379.0,155.0,59.0
,True 4,32.0,123.0,532.0,1232.0,890.0
,True 5,71.0,86.0,379.0,2145.0,6919.0
7,True 1,448.0,206.0,41.0,8.0,10.0
,True 2,92.0,168.0,70.0,9.0,3.0
,True 3,60.0,225.0,358.0,184.0,50.0
,True 4,47.0,109.0,542.0,1234.0,877.0
,True 5,68.0,91.0,408.0,2243.0,6790.0
8,True 1,465.0,189.0,46.0,6.0,7.0
,True 2,92.0,162.0,79.0,6.0,3.0
,True 3,54.0,223.0,386.0,159.0,55.0
,True 4,21.0,121.0,494.0,1248.0,924.0
,True 5,65.0,88.0,376.0,2178.0,6894.0
9,True 1,475.0,191.0,37.0,5.0,5.0
,True 2,89.0,158.0,82.0,8.0,5.0
,True 3,54.0,237.0,381.0,150.0,55.0
,True 4,28.0,120.0,464.0,1310.0,886.0
,True 5,67.0,93.0,328.0,2288.0,6825.0
10,True 1,500.0,165.0,35.0,5.0,8.0
,True 2,93.0,169.0,57.0,13.0,9.0
,True 3,58.0,209.0,375.0,172.0,64.0
,True 4,35.0,129.0,479.0,1248.0,917.0
,True 5,81.0,88.0,336.0,2161.0,6935.0
