,Rounded RMSE,Rounded MSE,Rounded MAE,Accuracy,Log Loss
0,0.8318278623662071,0.6919375926087336,0.4537784363287719,0.6359103983265058,0.9080855791249033
1,0.8343493036901815,0.6961387605682907,0.46265144251721435,0.626967663209274,0.9130224614878455
2,0.8343388570215902,0.6961213283360934,0.4602980911705744,0.6289723699119673,0.9151286299433394
3,0.8393798476968592,0.7045585287196026,0.4608907870652837,0.6308899154536738,0.9133515536284447
4,0.8408219841292399,0.7069816089950318,0.4649524971672623,0.626026322670618,0.914183912235357
5,0.8303806022333985,0.6895319445655016,0.45726488276823846,0.6313431534908045,0.9094120650848142
6,0.8333458263394297,0.6944652662773468,0.4564455678549638,0.6333478601934978,0.9095082438404742
7,0.8324563211007371,0.6929835265405735,0.4579970365205265,0.6308201865248845,0.9105904021816292
8,0.837526350034613,0.7014503870023011,0.4590335401994282,0.6322955163517189,0.9102358052337071
9,0.8320865554146599,0.6923680357018339,0.4558433860958092,0.6332194407642424,0.9113766396161087
10,0.8361097787340449,0.6990795620946936,0.45725542151872256,0.6335680914859494,0.91289646987704
AVG,0.8347839353419055,0.696874231037273,0.4587646444733451,0.6312146289439214,0.9116174329321513
,,,,,
,,Predicted 1,Predicted 2,Predicted 3,Predicted 4,Predicted 5
AVG,True 1,0.686328679464623,0.22866957213140218,0.059303731826180324,0.010776487694111637,0.01492152888368286
,True 2,0.3150774386143808,0.4329983603796794,0.2091831863469718,0.027718178201372286,0.01502283645759563
,True 3,0.08901616859463626,0.2647948051821592,0.3963897458913124,0.1860868616493794,0.06371241868251266
,True 4,0.016749605534652264,0.04824210057854917,0.18412428692802524,0.4337338673787272,0.31715013958004606
,True 5,0.007935457607243497,0.01006846572907271,0.041211336838312296,0.22736072842859203,0.7134240113967795
0,True 1,0.6721598877980365,0.24053295932678823,0.05890603085553997,0.012973352033660589,0.015427769985974754
,True 2,0.3182150694952451,0.4381858083394294,0.19897585954645208,0.025603511338697878,0.019019751280175568
,True 3,0.09116809116809117,0.2794871794871795,0.3886039886039886,0.17264957264957265,0.0680911680911681
,True 4,0.016466399643969738,0.048153093012906094,0.18095238095238095,0.42527814864263463,0.3291499777481086
,True 5,0.00807270643993646,0.009791411681987449,0.039894794406395664,0.21775474597015704,0.7244863415015234
1,True 1,0.6783584707120308,0.2402665731322343,0.055769905296387236,0.009470361276745002,0.016134689582602595
,True 2,0.29605263157894735,0.42616959064327486,0.2309941520467836,0.033625730994152045,0.013157894736842105
,True 3,0.08888888888888889,0.25584045584045584,0.40056980056980057,0.19116809116809116,0.06353276353276353
,True 4,0.015487316421895861,0.05180240320427236,0.18673787271918113,0.4299955496217178,0.3159768580329328
,True 5,0.0072133538189109656,0.009583083773860055,0.043644696752688734,0.2309314861592146,0.7086273794953256
2,True 1,0.687127323746054,0.22062434233602246,0.06944931602946335,0.008067344791301298,0.014731673097158891
,True 2,0.30043859649122806,0.45394736842105265,0.20394736842105263,0.02850877192982456,0.013157894736842105
,True 3,0.08376068376068375,0.26096866096866095,0.40484330484330483,0.18717948717948718,0.06324786324786325
,True 4,0.01797952825990209,0.04672897196261682,0.18264352469959946,0.43729417000445037,0.31535380507343125
,True 5,0.007473763704070206,0.010754928257076638,0.04020728626858676,0.23410848675815735,0.707455535012109
3,True 1,0.6944931602946335,0.22448263767099264,0.05436688881094353,0.009470361276745002,0.017186951946685375
,True 2,0.31067251461988304,0.4152046783625731,0.2309941520467836,0.02631578947368421,0.016812865497076022
,True 3,0.09316239316239316,0.2675213675213675,0.3957264957264957,0.18091168091168092,0.06267806267806268
,True 4,0.015487316421895861,0.046016911437472184,0.17943925233644858,0.43765020026702267,0.32140631953716065
,True 5,0.008254993359547928,0.010468477383401474,0.04322804093643395,0.2261659852608005,0.7118825030598162
4,True 1,0.6818660119256401,0.23290073658365487,0.05682216766047001,0.011574886004910558,0.01683619782532445
,True 2,0.3121345029239766,0.4327485380116959,0.21125730994152048,0.031432748538011694,0.012426900584795321
,True 3,0.0829059829059829,0.27692307692307694,0.38603988603988604,0.19658119658119658,0.05754985754985755
,True 4,0.01824655095683133,0.050912327547841564,0.18273253226524255,0.4481530930129061,0.2999554962171785
,True 5,0.008176870394000156,0.009947657613082993,0.04137913075180334,0.23775422515038672,0.7027421160907268
5,True 1,0.6969484391441599,0.2251841459137145,0.053314626446860754,0.011925640126271484,0.012627148368993335
,True 2,0.32748538011695905,0.4283625730994152,0.20760233918128654,0.029970760233918127,0.006578947368421052
,True 3,0.0868945868945869,0.27008547008547007,0.396011396011396,0.17777777777777778,0.06923076923076923
,True 4,0.01584334668446818,0.050734312416555405,0.18495772140631953,0.43008455718736094,0.318380062305296
,True 5,0.007395640738522434,0.010364313429337777,0.04098851592406448,0.22715554282440562,0.7140959870836697
6,True 1,0.6864258155033321,0.2251841459137145,0.06313574184496668,0.009821115398105928,0.015433181339880744
,True 2,0.3223684210526316,0.4298245614035088,0.2054093567251462,0.019736842105263157,0.02266081871345029
,True 3,0.09002849002849003,0.26467236467236466,0.39914529914529917,0.1792022792022792,0.06695156695156695
,True 4,0.016466399643969738,0.04592790387182911,0.19136626613262128,0.4271473075211393,0.3190921228304406
,True 5,0.008098747428452385,0.009557042785344132,0.04140517174031926,0.22254628785708705,0.7183927501887971
7,True 1,0.6913363732023852,0.21641529287969133,0.06769554542265871,0.012276394247632409,0.012276394247632409
,True 2,0.31140350877192985,0.41739766081871343,0.2222222222222222,0.03216374269005848,0.016812865497076022
,True 3,0.0849002849002849,0.23874643874643875,0.41994301994301997,0.19857549857549858,0.05783475783475783
,True 4,0.016822429906542057,0.04788607031597686,0.1911882510013351,0.4370271473075211,0.30707610146862485
,True 5,0.008020624462904613,0.00960912476237598,0.04057186010780969,0.2318950027343038,0.7099033879326059
8,True 1,0.6867765696246931,0.23675903191862505,0.05612065941774816,0.0073658365485794455,0.012977902490354262
,True 2,0.3174835405998537,0.44696415508412585,0.1960497439648866,0.02267739575713241,0.016825164594001463
,True 3,0.0857305610937055,0.2725719168328112,0.391911136428368,0.18627171745941326,0.06351466818570208
,True 4,0.01815754339118825,0.0477080551846907,0.18664886515353804,0.43391188251001334,0.31357365376056967
,True 5,0.008333333333333333,0.010286458333333333,0.04247395833333333,0.22403645833333333,0.7148697916666666
9,True 1,0.6872370266479664,0.23036465638148668,0.05399719495091164,0.01367461430575035,0.014726507713884993
,True 2,0.2991953182150695,0.4476956839795172,0.20702267739575714,0.03145574250182882,0.014630577907827359
,True 3,0.09373219373219373,0.26125356125356125,0.38404558404558403,0.19202279202279202,0.06894586894586895
,True 4,0.014953271028037384,0.048776145972407654,0.1710725411659991,0.43524699599465955,0.3299510458388963
,True 5,0.00796875,0.010520833333333333,0.038723958333333336,0.22627604166666668,0.7165104166666667
10,True 1,0.6868863955119214,0.22265077138849929,0.06276297335203367,0.011921458625525946,0.015778401122019635
,True 2,0.35040234089246525,0.4264813460131675,0.18653986832479882,0.023408924652523776,0.013167520117044623
,True 3,0.098005698005698,0.26467236467236466,0.39344729344729346,0.18461538461538463,0.05925925925925926
,True 4,0.01833555852247441,0.046016911437472184,0.18762794837561192,0.4292834890965732,0.3187360925678683
,True 5,0.00828125,0.009869791666666667,0.04080729166666667,0.22234375,0.7186979166666667
,,Predicted 1,Predicted 2,Predicted 3,Predicted 4,Predicted 5
AVG,True 1,1956.909090909091,652.0,169.0909090909091,30.727272727272727,42.54545454545455
,True 2,430.90909090909093,592.1818181818181,286.09090909090907,37.90909090909091,20.545454545454547
,True 3,312.45454545454544,929.4545454545455,1391.3636363636363,653.1818181818181,223.63636363636363
,True 4,188.1818181818182,542.0,2068.6363636363635,4873.0,3563.181818181818
,True 5,304.72727272727275,386.6363636363636,1582.5454545454545,8730.818181818182,27396.0
0,True 1,1917.0,686.0,168.0,37.0,44.0
,True 2,435.0,599.0,272.0,35.0,26.0
,True 3,320.0,981.0,1364.0,606.0,239.0
,True 4,185.0,541.0,2033.0,4778.0,3698.0
,True 5,310.0,376.0,1532.0,8362.0,27821.0
1,True 1,1934.0,685.0,159.0,27.0,46.0
,True 2,405.0,583.0,316.0,46.0,18.0
,True 3,312.0,898.0,1406.0,671.0,223.0
,True 4,174.0,582.0,2098.0,4831.0,3550.0
,True 5,277.0,368.0,1676.0,8868.0,27212.0
2,True 1,1959.0,629.0,198.0,23.0,42.0
,True 2,411.0,621.0,279.0,39.0,18.0
,True 3,294.0,916.0,1421.0,657.0,222.0
,True 4,202.0,525.0,2052.0,4913.0,3543.0
,True 5,287.0,413.0,1544.0,8990.0,27167.0
3,True 1,1980.0,640.0,155.0,27.0,49.0
,True 2,425.0,568.0,316.0,36.0,23.0
,True 3,327.0,939.0,1389.0,635.0,220.0
,True 4,174.0,517.0,2016.0,4917.0,3611.0
,True 5,317.0,402.0,1660.0,8685.0,27337.0
4,True 1,1944.0,664.0,162.0,33.0,48.0
,True 2,427.0,592.0,289.0,43.0,17.0
,True 3,291.0,972.0,1355.0,690.0,202.0
,True 4,205.0,572.0,2053.0,5035.0,3370.0
,True 5,314.0,382.0,1589.0,9130.0,26986.0
5,True 1,1987.0,642.0,152.0,34.0,36.0
,True 2,448.0,586.0,284.0,41.0,9.0
,True 3,305.0,948.0,1390.0,624.0,243.0
,True 4,178.0,570.0,2078.0,4832.0,3577.0
,True 5,284.0,398.0,1574.0,8723.0,27422.0
6,True 1,1957.0,642.0,180.0,28.0,44.0
,True 2,441.0,588.0,281.0,27.0,31.0
,True 3,316.0,929.0,1401.0,629.0,235.0
,True 4,185.0,516.0,2150.0,4799.0,3585.0
,True 5,311.0,367.0,1590.0,8546.0,27587.0
7,True 1,1971.0,617.0,193.0,35.0,35.0
,True 2,426.0,571.0,304.0,44.0,23.0
,True 3,298.0,838.0,1474.0,697.0,203.0
,True 4,189.0,538.0,2148.0,4910.0,3450.0
,True 5,308.0,369.0,1558.0,8905.0,27261.0
8,True 1,1958.0,675.0,160.0,21.0,37.0
,True 2,434.0,611.0,268.0,31.0,23.0
,True 3,301.0,957.0,1376.0,654.0,223.0
,True 4,204.0,536.0,2097.0,4875.0,3523.0
,True 5,320.0,395.0,1631.0,8603.0,27451.0
9,True 1,1960.0,657.0,154.0,39.0,42.0
,True 2,409.0,612.0,283.0,43.0,20.0
,True 3,329.0,917.0,1348.0,674.0,242.0
,True 4,168.0,548.0,1922.0,4890.0,3707.0
,True 5,306.0,404.0,1487.0,8689.0,27514.0
10,True 1,1959.0,635.0,179.0,34.0,45.0
,True 2,479.0,583.0,255.0,32.0,18.0
,True 3,344.0,929.0,1381.0,648.0,208.0
,True 4,206.0,517.0,2108.0,4823.0,3581.0
,True 5,318.0,379.0,1567.0,8538.0,27598.0
